ID_2	Xt	Yt	MOS	pH	ARC
256	376539.45	6419165.35	0.55	7.1	6.7
351	311319.28	6250933.95	0.62	6.7	7.2
354	322774.56	6196569.08	0.68	6.4	5.7
327	342963.04	6193914.84	0.73	6.9	6.2
356	314626.09	6153623.93	0.78	6.6	11.4
239	394375.15	6156444.52	0.82	6.5	8.8
300	364634.38	6141008.11	0.83	6.5	11.5
121	478163.29	6197930.61	0.84	8.1	12.3
13	583401.29	6415459.43	0.86	10	10.2
384	250409.82	6572977.82	0.87	7.4	7.2
299	354127	6154878.16	0.87	6.7	6.4
355	313315.45	6173792.07	0.88	6.5	9.6
328	343616.12	6170951.63	0.9	6.4	0
176	440967.5	6227406.82	0.92	9.2	10.2
85	501033.99	6417871.62	0.97	8.6	12.9
301	322034.07	6722198.55	0.98	8	44.6
387	251673.61	6518741.32	1	7.5	6.9
240	400352.31	6138833.54	1.01	6.6	12.1
304	333942.32	6663125.3	1.02	7.9	27.1
271	348711.77	6711924.3	1.08	7.2	6.4
209	414970.18	6156712.11	1.12	6.4	12.2
325	342413.26	6226848.9	1.13	6.8	10.6
125	454257.61	6632301.93	1.14	7.1	16.3
59	521565.99	6479407.82	1.15	7.5	25.4
297	372915.38	6201693.21	1.16	6.8	8.4
303	342934.94	6678616.6	1.16	7.4	10
228	401547.59	6373100.2	1.16	6.16	4.1
333	314936.82	6654861.62	1.17	7.3	9.5
120	479213.36	6220086.55	1.18	8.8	15.8
235	398589.21	6235904.79	1.18	9.6	12.8
386	251686.09	6530851.08	1.2	7.5	9.7
296	365058.97	6217702.16	1.21	6.4	10.5
349	323918.45	6296466.95	1.22	6.3	11.1
352	316141.01	6234886.63	1.23	6.5	11.9
295	357728.13	6243261.45	1.23	6.3	11.4
324	331109.74	6247386.21	1.24	6.7	10
199	416997.72	6363301.56	1.24	6.93	7.2
208	421888.16	6180591.73	1.26	6.2	15.5
298	369232.85	6178825.41	1.27	6.7	13.2
350	313421.09	6284488.11	1.27	6.4	11.5
40	538352.25	6481363.71	1.27	6.6	19
390	259768.22	6551775.97	1.28	7.2	8.5
229	401702.31	6355988.66	1.29	5.88	9.9
207	413075.1	6197489.78	1.29	6.3	13.3
322	343471.42	6292973.66	1.3	6.1	16.6
173	440484.77	6275979.3	1.3	5.5	8
115	472700.37	6317987.42	1.31	5.48	18.5
329	336324.51	6164347.09	1.31	6.7	20.6
237	393126.66	6195884.81	1.35	6.2	12.1
267	372920.76	6201697.05	1.39	6.6	11.8
169	446602.99	6357883.3	1.39	6.03	5.2
381	277578.34	6454922.98	1.4	6.9	9.1
269	374283.45	6155857.43	1.42	6.8	8.2
136	459339.54	6416019.79	1.43	7.2	19.5
231	407790.89	6317411.91	1.44	6	11.2
69	527007.19	6280271.32	1.44	7.2	14.4
171	439491.94	6318077.2	1.44	5.71	6.7
353	312199.39	6218220.17	1.45	6.4	10.1
265	378353.93	6241497.3	1.46	6.2	13.3
377	281465.52	6528076.84	1.46	7.2	6.9
174	440098.62	6250708.9	1.47	6.42	10.2
114	480871.37	6337608.27	1.47	6.1	11.8
68	521852.54	6296956.51	1.48	6.8	14.7
46	540549.18	6359774.95	1.48	7.8	21.6
16	577542.57	6355541.79	1.5	8.4	18.3
380	270093.88	6473571.28	1.5	8	8
225	399621.51	6436898.31	1.51	7	14.9
370	300698.51	6315617.77	1.51	7.4	7.1
270	379627.02	6134719.16	1.52	7.7	33.2
238	400762.87	6181512.71	1.52	6.4	14.8
204	432630.41	6256210.77	1.52	5.98	14
330	344720.89	6134253.69	1.54	7.1	34.3
145	459850.71	6238129.3	1.55	6.8	12
232	409014.56	6295733.5	1.55	5.86	11.5
268	373822.74	6168505.49	1.55	6.7	3.3
385	235888.31	6553600.88	1.55	7.1	4
262	381632.96	6292313.34	1.6	6.7	10.2
168	435863.85	6379223.07	1.6	6.35	14.4
109	480685.62	6433791.94	1.61	7.8	24.5
194	419729.09	6457031.74	1.61	6.5	16.4
263	384813.95	6282947.56	1.62	6.5	8.6
66	523948.48	6338316.61	1.62	6.3	24.1
348	323107.77	6317897.91	1.63	6.9	7
293	356796.29	6281601.06	1.64	6.4	18.2
175	443317.34	6244372.51	1.64	5.63	15
195	419886.44	6437078.79	1.65	7	30.7
289	363949.38	6366384.19	1.65	6.8	13.6
31	565136.39	6336920	1.66	5.7	26.1
258	378122.04	6374188.83	1.67	7.4	8.5
389	244261.6	6468474.59	1.67	8	8.8
266	385668.46	6223914.94	1.68	6	13
134	460337.21	6457270.37	1.7	7.4	18.9
197	424187.59	6394252.6	1.71	6.46	12.3
335	315026.93	6615022.32	1.71	7.7	12.3
177	438685.11	6206639.95	1.71	7.7	15.8
44	539590.42	6394001.67	1.73	6.6	16.8
382	257921.06	6610370.74	1.73	7	8.5
388	260311.31	6503994.26	1.74	7.5	10.1
55	521452.94	6557077.16	1.74	6.5	23.5
372	256688.95	6610529.25	1.74	6.9	7.4
220	399062.75	6541123.71	1.75	7.3	23.1
132	462239.48	6500270.7	1.75	7.5	24
170	442929	6343521.97	1.76	5.71	10.9
144	456056.18	6258558.29	1.79	5.37	10.8
321	348477.51	6320510.23	1.79	7.4	7.4
164	440689.25	6459393.96	1.79	7	23.5
135	460414.96	6437318.15	1.8	7.4	12.8
383	246082.72	6589469.07	1.81	7.2	8.5
92	505459.79	6279686.88	1.81	5.93	16.8
206	415498.84	6218452.95	1.81	6.2	12.8
139	465851.56	6355546.78	1.82	8.2	12.9
291	358906.86	6318190.95	1.82	6.6	16.8
227	406077.5	6399415.16	1.84	6.47	13.4
234	401472.93	6255903.18	1.84	6.3	16
236	402509.29	6212628.59	1.86	7.5	17
127	459804.01	6596920.25	1.86	7	17.3
366	300315.59	6496947.28	1.88	6.2	24
179	435022.64	6151497.02	1.88	6.8	14.6
205	415059.81	6233150.92	1.89	6.3	16.2
23	560281.99	6498670.52	1.89	6.1	21.2
274	355738.66	6657257.94	1.89	8.3	11.5
80	502725.07	6522890.39	1.9	6.9	21.3
264	377971.74	6258673.41	1.91	6.3	12.4
362	304823.83	6586069.64	1.91	7.4	13.6
36	540066.35	6554922.98	1.91	7	22.7
91	499572.02	6292383.84	1.91	6.11	14.4
103	478088.6	6555573.5	1.92	7	24.7
180	445299.77	6133187.62	1.92	6.4	17.4
222	399184.91	6498205.87	1.93	7	24.4
101	480380.6	6596977.65	1.93	6.8	11.7
143	460321.84	6275948.22	1.94	5.45	9.2
226	398740.66	6419517.58	1.94	5.98	16.8
357	314547.33	6135107.22	1.94	6.9	12.6
223	393818.33	6473952.7	1.95	6.9	21
140	464229.43	6338212.38	1.96	6.7	17.1
316	358358.83	6422919.2	1.96	6.6	9.5
365	292274.01	6516661.6	1.98	6.6	10.7
116	481955.4	6299138.96	2	6.85	13.6
149	459156.5	6159880.09	2.01	6.1	17.6
148	456152.09	6175430.28	2.01	6.9	18.3
202	423547.62	6312202.42	2.03	5.31	11.1
224	390997.43	6456295.53	2.03	7.2	21
172	431151.69	6297512.12	2.03	5.83	24.1
203	420675.52	6277073.31	2.03	5.45	13.6
272	358202.87	6708195.37	2.06	6.7	10.3
200	425171.03	6344753	2.08	6.19	13.9
67	522520.03	6315973.81	2.08	6.6	21.1
287	360639.91	6397543.36	2.09	7.4	15.5
146	460984.57	6218295.14	2.09	6.2	15.9
137	457447.09	6401522.79	2.1	6.9	20.2
373	271612.19	6610071.71	2.12	7.1	14.6
88	494748.6	6356124.39	2.12	6.2	19
294	360840.65	6258419.58	2.15	6	19.7
87	500936.89	6377536.04	2.16	7	21.3
93	495630.78	6254220.95	2.17	5.72	17.6
21	562334.29	6536964.65	2.17	6	30.5
165	440150.88	6437218.73	2.18	6.8	13
210	415114.34	6136351.04	2.18	6.4	13.1
25	564983.2	6460703.73	2.19	6.3	23
159	439454.51	6556925.52	2.19	6.7	28.8
54	517735.01	6571859.01	2.19	6.7	27.7
152	431144.15	6693667.17	2.2	6.8	31.5
178	440748.31	6181170.21	2.2	6.6	16.8
153	441061.88	6675046.78	2.21	6.9	25
81	504966.36	6496753.99	2.21	7	23.1
33	560453.58	6296710.81	2.22	5.8	23.3
9	585406.53	6575712.38	2.22	6	30.1
119	487791.2	6235224.29	2.24	6.7	10.4
50	534776.97	6267747.44	2.24	5.74	15.9
118	476134.61	6246140.01	2.24	5.48	16.3
157	439227.16	6596823.36	2.26	6.6	27.6
214	388211.04	6657911.83	2.26	7.4	14.9
257	374614.17	6394682.13	2.26	7.4	12.4
48	543884.12	6320334.12	2.27	6.1	22.9
38	540148.34	6525651.17	2.27	6.9	26.2
344	307888.35	6436237.59	2.27	7.4	19.6
288	363104.17	6380446.41	2.28	7.5	12.4
12	578393.83	6514829.82	2.28	6	25.6
133	457980.52	6478448.42	2.28	6.8	23.3
317	348091.44	6386836.04	2.28	6.6	13.4
111	477386.81	6397106.59	2.29	6.2	24.4
162	437738.53	6502293.25	2.29	7.2	23.2
83	503024.7	6459416.44	2.29	7	0.1
76	497504.29	6595467.86	2.3	6.2	12.3
104	472449.69	6531217.66	2.3	7.6	24.4
24	560549.49	6488512.66	2.3	5.8	24.3
89	500780.99	6333918.03	2.3	5.6	18.8
95	500274.48	6213317.47	2.31	7.6	16.7
78	496547.77	6554849.01	2.31	7.4	25
142	465263.67	6296646.01	2.31	5.69	12.9
379	281067.79	6495185.77	2.31	7.1	4
22	559369.85	6522721.97	2.32	5.8	32.4
198	420123.24	6377094.15	2.33	5.99	18.6
147	460561.64	6198267.71	2.33	6.3	17.2
155	430584.39	6631844.69	2.33	6.8	25.1
141	450952.97	6311663.16	2.35	5.59	20.4
20	566036.41	6556136.64	2.36	6.4	33.4
123	452452.95	6685685.02	2.37	6.3	29
196	422555.73	6416998.92	2.37	6.7	18.1
158	444384.32	6572176.24	2.37	6.7	24.9
376	284724.37	6544881.61	2.38	8	15.6
57	516398.81	6523475.26	2.39	7	26.5
72	519430.2	6208789.74	2.39	6.4	22
138	460815.29	6380175.87	2.39	7.2	14.9
233	401905.27	6279373.63	2.4	6.5	15.4
90	490612.02	6315769.43	2.4	5.81	12
117	481424.93	6268437.49	2.41	6.4	17.5
302	336988.39	6702457.44	2.41	7.6	11.6
58	526721.79	6505980.35	2.43	6.9	29.5
65	522161.5	6361885.51	2.44	6.5	16.7
30	558959.39	6356407.25	2.44	6.5	30.1
261	374332.38	6317590.17	2.45	6.4	19
113	478417.9	6357823.02	2.46	6.9	18.7
106	480565.52	6497231.48	2.47	6.9	24.3
161	442482.7	6521238.9	2.48	7.4	25.1
190	419639.81	6535326.89	2.5	6.9	27.5
285	352374.61	6437236.25	2.51	7.5	18.4
361	292241.24	6594051.38	2.51	7.2	20
336	318722.78	6592812.81	2.51	7.5	15.9
284	364859.82	6456430.94	2.51	7.2	25.4
60	517747.76	6451336.03	2.51	6.5	24.3
129	462475.69	6557023.01	2.51	7.2	23.3
163	437197.36	6476251.34	2.55	6.6	23.2
378	270532.17	6513492.98	2.55	7	7.1
242	365386.79	6695977.78	2.56	6.9	26.9
375	273995.79	6573164.52	2.59	7.9	2.8
5	601138.47	6353446.4	2.6	6.9	28.8
15	581920.37	6376827.26	2.6	6.7	24
360	303239.8	6620640.32	2.62	7.6	13.2
8	589808.18	6593000.87	2.63	6.9	35.7
292	368023.83	6297300.27	2.63	6.2	19.4
154	433488.84	6656235.7	2.63	6.7	26.5
334	326153.79	6628397.33	2.65	6.8	15.6
160	439488.01	6534812.88	2.65	7	25.3
102	478336.13	6581409.06	2.66	7.4	28.8
105	479440.8	6520630.34	2.66	7.4	22
45	548155.43	6373990.13	2.66	6.6	19.6
49	541060.12	6295327.98	2.66	5.89	21.4
216	401699.9	6616495.67	2.67	7.2	24.1
367	295007.18	6475753.8	2.67	7.7	14.3
363	299754.13	6554098.11	2.67	8.2	5.8
51	548234.61	6259178.19	2.68	5.51	20.9
56	518981.65	6539151.93	2.69	7.6	36.7
218	398262.26	6576561.37	2.69	6.9	22.7
201	417917.15	6326745.97	2.69	6.66	14.9
112	477023.58	6378135.27	2.7	6.6	14.1
221	402114.27	6516158.45	2.7	6.4	26.9
10	584319.93	6552571.38	2.71	6.6	32.7
246	382613.13	6619021.46	2.71	6.8	26
34	561826.72	6277805.93	2.72	5.5	19.1
63	521616.09	6394127.28	2.73	6.7	22.6
347	323251.74	6333010.66	2.76	7.7	7.3
193	420262.09	6480316.16	2.76	6.9	23.5
43	541745.02	6421084.4	2.77	6.2	21.4
7	587501.2	6615272.45	2.78	6.7	33.6
18	580626	6317237.45	2.78	7.1	37.5
364	299158.85	6536650.69	2.8	7.1	21.9
369	295427.46	6437040.03	2.81	7.3	13.6
64	523663.16	6374579.7	2.83	6.3	23.1
259	371612.33	6361512.93	2.83	6.4	12.9
96	501314	6200115.09	2.86	7.3	18
290	360297.21	6339369.19	2.89	6.7	18
110	480716.92	6417424.43	2.9	6.6	21.6
37	540779.77	6533414.79	2.91	6.2	29.9
251	379912.81	6513834.93	2.93	6.9	29.7
82	493626.25	6469272.39	2.93	6.8	26.7
305	339487.39	6636140.96	2.94	7.4	20.8
191	418820.67	6517895.2	2.94	6.7	23.4
156	439114.39	6616771.45	2.94	7.2	22.5
29	561287.96	6377056.62	2.94	6	18.6
186	423666.86	6616209.04	2.94	6.2	31.5
320	338757.84	6338936.77	2.97	6.7	36.4
286	360020.37	6412715.79	2.98	7.3	9.8
6	601798.13	6344095.95	2.98	7.4	25.2
3	596537.13	6390517.74	2.98	7.4	24
128	459951.17	6581355.85	2.98	7.5	23.8
187	418240.45	6593812.04	3	5.9	27.8
126	463017.16	6617130.56	3	7.3	27.7
14	584191.34	6397970.97	3	5.6	29.3
4	595665.51	6380483.6	3.01	6.1	28.5
374	278760.28	6590394.23	3.01	6.8	10.3
166	436267.75	6422024.45	3.01	6.6	21.1
255	379355.97	6436677.28	3.01	7.1	25.3
250	379858.94	6542664.31	3.05	7.01	26.23
167	443077.86	6398613.19	3.06	6.8	17.5
188	414895.03	6575416.09	3.09	7	27.3
86	503837.23	6399236.74	3.1	6.2	36.9
32	561075.51	6317869.86	3.11	6.5	26.6
39	544374.11	6494569.02	3.11	6.4	24
84	491398.68	6442386.3	3.11	6.9	20.2
282	366450.72	6494150.24	3.14	6.8	17.1
185	415617.58	6642028.94	3.16	7.1	25.4
183	418050.85	6676477.99	3.16	6.8	27.4
252	378648.57	6496538.18	3.2	7	27.2
130	456426.16	6528027.06	3.22	6.6	26.4
253	378883.18	6476585.09	3.22	7.1	26.2
314	340121.95	6459510.02	3.25	6.5	35.5
150	448405.03	6145930.74	3.26	7.7	23.6
254	373300.19	6454148.92	3.26	7.2	24.7
279	357460.41	6556070.9	3.28	7.5	2.6
94	502250.4	6228811.57	3.3	6.6	15.7
71	521364.08	6242214.02	3.31	6.4	18.9
99	467093.76	6665903.52	3.34	7.2	21
35	540132.48	6572395.39	3.35	6.8	37.4
192	419416.76	6496935.98	3.36	6.7	22.1
337	302508.48	6573026.77	3.41	7	18.7
98	470472.31	6684993.25	3.48	6.5	13.1
124	454630.37	6650994.26	3.49	6.6	25.7
47	545162.87	6334934.06	3.49	6.8	20.7
181	409646.23	6716651.09	3.58	8	20.2
77	498859.46	6582924.35	3.58	6	34
273	362072.5	6681196.78	3.59	7.6	17.1
281	363571.89	6515525.91	3.6	7.1	25
245	377040.03	6636194.96	3.64	7	23.4
42	532245.03	6442189.31	3.66	6.8	24
70	515660.94	6259661.03	3.69	6.7	12.7
219	391757.12	6558626.52	3.72	6.5	36.1
283	358491.87	6479634.73	3.74	7.4	26.4
108	481351.78	6454470.98	3.78	6.6	29.1
28	562506.2	6396998.1	3.81	6.7	24.3
151	429559.32	6713097.28	3.81	7.6	19.1
41	537104.55	6461968.08	3.86	6.6	25.6
27	562125.92	6417161.8	3.98	6.1	23.9
318	338135.22	6376680.99	4.06	6.7	18.1
19	562987.43	6573479.28	4.1	6.8	31.2
215	397694.75	6636408.88	4.1	6.8	28.6
211	393546.63	6719911.08	4.17	7.7	34.6
184	414909.64	6656060.91	4.18	6.9	26.9
189	408415.59	6559530.63	4.23	6.9	31.3
182	414484.44	6691598.27	4.26	7.7	18.4
260	383588.56	6341232.69	4.31	6.5	27.5
276	357028.12	6627659.12	4.32	7.7	18.7
248	379647.2	6574478.26	4.33	6.7	19.5
230	406179.76	6343826.65	4.37	5.75	11
17	584591.65	6335073.9	4.44	6	27.5
2	603163.55	6576899.24	4.48	6.6	30.8
213	400509.73	6673860.22	4.58	7.3	24.3
11	582795.8	6536823.17	4.66	6	33.2
342	316152.47	6474608.25	4.67	7.4	24.3
241	375837.03	6714323.16	4.68	6.5	22.4
249	377951.96	6556394.26	4.76	6.9	16.1
343	304247.81	6459884.72	4.82	7.3	18.5
390	356043.7	6636299.33	4.89	7.8	17.2
217	398072.08	6596511.07	5.03	6.1	26.9
346	326290.24	6358536.99	5.25	6.7	1.1
319	335929.72	6354151.04	5.27	6.6	27.5
280	357799.36	6535105.05	5.48	7	11.8
278	357181.26	6576089.43	5.5	7.5	10.5
313	351274.03	6477362.73	6.22	6.4	33.2
340	310568.45	6517138.98	6.23	7.9	17.6
1241	381213.78	6709303.8	6.59	7.2	5.3
