ID_2	Xt	Yt	Altitude_GPS (m)	Altitude_STRM (m)	CE (dS/m)	MOS (%)	C:N	NT (%)	CIC (Cmol /kg)	pH	Ca (Cmol /kg)	Mg (Cmol /kg)	Na (Cmol /kg)	K (Cmol /kg)	P (mg/kg)	Fe (mg/kg)	Mn (mg/kg)	Cu (mg/kg)	Zn (mg/kg)	CC (%)	CMP (%)	Arena (%)	Limo (%)	Arcilla (%)	Oxidos de Al (%)	Oxidos de Fe (%)	Ca (mg/kg)	Mg (mg/kg)	Na (mg/kg)	K (mg/kg)
2	603163.55	6576899.24	103	100	0.22	4.48	11.3	0.23	27.7	6.6	14.2	4.1	1.1	2.3	76.26	259.7	259.5	3.7	4.02	29.3	18.7	2.3	67	30.8	0.15	0.17	2840	492	253	897
3	596537.13	6390517.74	82	87	0.72	2.98	9.1	0.19	17.9	7.4	8.11	2.04	1.11	2.02	51.52	277.3	177.3	4.2	2.67	28.9	15	12	66	24	.	.	1622	244.8	255.3	787.8
4	595665.51	6380483.6	95	93	0.05	3.01	11.62	0.15	18	6.1	10.07	1.73	0.04	1.38	73.39	159	185.6	2.7	1.5	27.5	14.1	8.6	62.9	28.5	.	.	2014	207.6	9.2	538.2
5	601138.47	6353446.4	103	105	0.04	2.6	15.08	0.1	19.9	6.9	10.81	3.03	0.05	1.6	34.76	71.9	202.5	2.4	0.5	25.4	15.3	13.8	57.4	28.8	.	.	2162	363.6	11.5	624
6	601798.13	6344095.95	109	111	0.03	2.98	12.36	0.14	17.6	7.4	10.08	4.07	0.06	1.36	29.13	154.7	187.3	2.1	1.48	25.3	13.4	13.7	61.1	25.2	.	.	2016	488.4	13.8	530.4
7	587501.2	6615272.45	97	94	0.15	2.78	9.49	0.17	29	6.7	14.2	2.4	2	2.4	89.03	156.3	264	2	0.89	25.4	15.8	1.1	65.3	33.6	0.15	0.06	2840	288	460	936
8	589808.18	6593000.87	98	97	0.11	2.63	16.93	0.09	28.7	6.9	13.6	3.4	1.4	2.3	135	190.3	218.8	2.3	3.22	25.7	17.8	1.6	62.6	35.7	.	.	2720	408	322	897
9	585406.53	6575712.38	102	100	0.14	2.22	9.21	0.14	18.19	6	9.69	2.72	0.2	1.81	37.41	134.5	212	2.4	0.65	23.4	13	0.6	69.3	30.1	0.16	0.05	1938	326.4	46	705.9
10	584319.93	6552571.38	111	100	0.18	2.71	8.74	0.18	26.5	6.6	10.9	1.9	1.3	3	145	137.1	201.3	2.2	2.96	25.1	16.9	2.8	64.6	32.7	.	.	2180	228	299	1170
11	582795.8	6536823.17	114	108	0.26	4.66	10.01	0.27	29.4	6	12.78	4.58	0.11	2.33	86.99	166.9	272.3	3.1	3.57	33.5	.	7.8	59	33.2	0.17	0.08	2556	549.6	25.3	908.7
12	578393.83	6514829.82	109	103	0.14	2.28	8.8	0.15	24.8	6	8.22	4.24	0.13	2.24	90.98	134.1	188.9	2.6	1.49	29.3	.	5.8	68.5	25.6	0.15	0.09	1644	508.8	29.9	873.6
13	583401.29	6415459.43	97	103	0.69	0.86	10.02	0.05	10.9	10	5.8	1.74	1.88	2.3	18.81	21.5	235.6	1.8	0.71	21.8	8.2	16.1	73.7	10.2	0.06	0.02	1160	208.8	432.4	897
14	584191.34	6397970.97	109	113	0.17	3	10.22	0.17	18.3	5.6	8.27	3.84	0.04	1.99	87.81	119.4	206	2.9	0.84	25.9	13.4	10.9	59.8	29.3	.	.	1654	460.8	9.2	776.1
15	581920.37	6376827.26	113	111	0.09	2.6	10.79	0.14	16.88	6.7	10.75	2.4	0.13	1.78	17.17	72.7	170.4	2.3	0.98	24.7	12.4	14.3	61	24	0.13	0.07	2150	288	29.9	694.2
16	577542.57	6355541.79	86	86	0.3	1.5	8.73	0.1	15.4	8.4	8.06	2.56	1.05	1.93	17.99	38.7	222.5	2	0.05	23.6	12.5	19.9	61.8	18.3	0.16	0.1	1612	307.2	241.5	752.7
17	584591.65	6335073.9	111	111	0.15	4.44	12.94	0.2	20	6	11.41	2.96	1.5	1.7	60.11	210.2	209.8	3.1	3.76	28	17.2	15.8	56.7	27.5	.	.	2282	355.2	345	663
18	580626	6317237.45	116	112	0.09	2.78	12.91	0.13	22.25	7.1	11.95	3.66	1.9	2.1	40.38	130	208.3	3	2.06	25.4	14.1	17.7	44.8	37.5	.	.	2390	439.2	437	819
19	562987.43	6573479.28	106	120	0.43	4.1	12.51	0.19	28.5	6.8	10.68	2.96	0.05	2	167.64	86.1	205.5	2.5	2.69	25	15.7	5.8	63.1	31.2	.	.	2136	355.2	11.5	780
20	566036.41	6556136.64	105	114	0.26	2.36	9.76	0.14	28.8	6.4	13.5	2.7	1.3	2.3	74.52	165.9	256.5	2.3	0.31	25.3	15.6	5.2	61.5	33.4	.	.	2700	324	299	897
21	562334.29	6536964.65	111	109	0.24	2.17	9	0.14	25.88	6	11.56	2.5	0.05	2.38	74.62	125.1	202.1	2.3	0.01	24	14.3	8.4	61.1	30.5	.	.	2312	300	11.5	928.2
22	559369.85	6522721.97	109	103	0.16	2.32	8.41	0.16	22.7	5.8	11.48	2.34	0.09	2.24	80.14	172.9	133.7	3.1	1.24	25.1	14.6	3.3	64.4	32.4	0.11	0.12	2296	280.8	20.7	873.6
23	560281.99	6498670.52	106	112	0.59	1.89	9.13	0.12	13.63	6.1	8.84	2.36	0.58	1.43	121.23	216.2	161.2	2.1	3.68	22.6	10.8	22.5	56.3	21.2	.	.	1768	283.2	133.4	557.7
24	560549.49	6488512.66	111	111	0.22	2.3	8.35	0.16	22	5.8	9.28	2.02	0.1	2.17	73.7	240.4	251.9	2.2	2.15	25.8	11.3	20.3	55.4	24.3	.	.	1856	242.4	23	846.3
25	564983.2	6460703.73	108	111	0.7	2.19	7.92	0.16	22.1	6.3	8.4	2.2	3.2	2.3	48.96	207.6	216.6	3.2	1.4	25.2	.	9.2	67.8	23	0.1	0.1	1680	264	736	897
27	562125.92	6417161.8	113	115	0.09	3.98	12.83	0.18	17.2	6.1	9.48	2.48	0.18	2.31	92.71	142	219.6	2.8	2.77	27.3	13.5	10.5	65.6	23.9	.	.	1896	297.6	41.4	900.9
28	562506.2	6396998.1	117	110	0.06	3.81	14.55	0.15	18	6.7	10.96	2.72	0.31	2.14	61.13	219.2	177.6	3.3	2.72	28.2	14.9	11.1	64.6	24.3	.	.	2192	326.4	71.3	834.6
29	561287.96	6377056.62	109	117	0.2	2.94	11.37	0.15	14.5	6	9.04	0.12	0.31	2.07	65.11	106.2	154.1	5.9	2.21	22.6	9.8	21.9	59.5	18.6	.	.	1808	14.4	71.3	807.3
30	558959.39	6356407.25	109	104	0.04	.	10.14	0.14	25.09	6.5	13.24	2.4	0.17	1.92	47.12	110.8	172.7	3.1	1.43	25.9	14.1	16.8	53.2	30.1	.	.	2648	288	39.1	748.8
31	565136.39	6336920	109	107	0.49	1.66	6.41	0.15	16.87	5.7	8.88	3.92	0.32	2.05	22.8	132.7	142.4	2.3	0.66	24.4	12.4	21.6	52.3	26.1	.	.	1776	470.4	73.6	799.5
32	561075.51	6317869.86	117	117	0.07	3.11	12.01	0.15	18.47	6.5	11.52	3.16	0.15	1.83	42.73	145.4	122.4	2.6	4.32	26.6	14.4	18.4	55.1	26.6	0.16	0.13	2304	379.2	34.5	713.7
33	560453.58	6296710.81	123	124	0.14	2.22	11.52	0.11	13.8	5.8	9.68	2.92	0.15	1.6	11.86	109.8	97.1	2.1	0.21	18.6	10.9	31.3	45.4	23.3	.	.	1936	350.4	34.5	624
34	561826.72	6277805.93	124	121	0.14	2.72	11.2	0.14	14.1	5.5	8.72	2.92	0.33	2	19.12	140.9	221	1.5	1.19	18.4	10.7	41.4	39.5	19.1	0.17	0.14	1744	350.4	75.9	780
35	540132.48	6572395.39	82	79	5.25	3.35	11.7	0.15	27.7	6.8	12.7	4.9	8.4	1.8	91.39	265.5	144.1	4.7	3.59	29.8	17.2	2.4	60.2	37.4	0.12	0.14	2540	588	1932	702
36	540066.35	6554922.98	91	92	0.23	1.91	9.22	0.12	17.6	7	7.9	2.44	2.3	1.7	44.57	195	185.1	2.4	1.41	19	10.4	29.4	47.9	22.7	0.11	0.12	1580	292.8	529	663
37	540779.77	6533414.79	113	108	0.8	2.91	8.87	0.19	24.6	6.2	11.4	4.44	2.2	2.5	69.41	157.4	246.6	3.1	2.4	22.8	14.3	6.2	63.8	29.9	.	.	2280	532.8	506	975
38	540148.34	6525651.17	104	109	0.47	2.27	8.77	0.15	23.4	6.9	10.6	2.2	3.3	2	34.35	139.4	275	3.3	1.29	22.9	13.6	11.4	62.4	26.2	.	.	2120	264	759	780
39	544374.11	6494569.02	116	121	0.54	3.11	11.28	0.16	20.43	6.4	6.74	3.27	0.45	2.43	82.49	262.5	178.4	2.7	2.76	28.5	.	9.8	66.2	24	0.13	0.17	1348	392.4	103.5	947.7
40	538352.25	6481363.71	123	129	0.11	1.27	6.16	0.12	14.4	6.6	9.35	4.46	1.3	2.1	26.88	192	157.6	2.2	0.64	23.5	.	28	53	19	.	.	1870	535.2	299	819
41	537104.55	6461968.08	126	127	0.1	3.86	16	0.14	17.1	6.6	7.44	3.76	0.28	2.58	37.92	171.4	158.7	2.6	1.08	26.5	12.4	9.9	64.5	25.6	0.13	0.1	1488	451.2	64.4	1006.2
42	532245.03	6442189.31	132	134	0.43	3.66	10.05	0.21	24.86	6.8	7.58	6.3	0.38	3.02	141.06	256.6	118.2	1.9	4.57	30	16.2	10.9	89.1	24	.	.	1516	756	87.4	1177.8
43	541745.02	6421084.4	124	129	0.09	2.77	12.35	0.13	15	6.2	8.96	2.44	0.15	1.73	91.69	133.2	87	2.3	2.58	20.9	11.1	26.8	51.8	21.4	0.14	0.08	1792	292.8	34.5	674.7
44	539590.42	6394001.67	121	124	0.07	1.73	7.15	0.14	13.63	6.6	6.96	3	0.16	1.86	42.01	130.1	144.1	2.5	2.37	17.9	9.4	36	47.3	16.8	0.12	0.1	1392	360	36.8	725.4
45	548155.43	6373990.13	114	112	0.07	2.66	12.87	0.12	14.49	6.6	8.04	2.52	0.14	1.96	46.41	114.1	144.7	2.5	2.15	20.1	10.8	26.4	54	19.6	.	.	1608	302.4	32.2	764.4
46	540549.18	6359774.95	115	118	0.04	1.48	7.81	0.11	14.9	7.8	10.2	3.44	0.13	2.02	8.59	66.6	143	3.4	0.74	20.4	11.6	26.2	52.1	21.6	.	.	2040	412.8	29.9	787.8
47	545162.87	6334934.06	117	118	0.09	3.49	13.51	0.15	14.27	6.8	9.48	2.2	0.13	1.94	24.33	105.5	146.7	2.5	1.72	20.7	11.7	27.6	51.7	20.7	0.15	0.11	1896	264	29.9	756.6
48	543884.12	6320334.12	114	111	0.18	.	10.15	0.13	16.4	6.1	8.84	2.36	1.3	3.3	163.96	230.7	119.2	1.7	4.51	18.7	10.7	33	44.1	22.9	.	.	1768	283.2	299	1287
49	541060.12	6295327.98	127	125	0.1	2.66	11.68	0.13	15.63	5.89	8.4	3.24	0.14	1.72	15.64	174	76.7	2.3	0.63	19.2	12.5	37.2	41.4	21.4	0.17	0.13	1680	388.8	32.2	670.8
50	534776.97	6267747.44	125	123	0.08	2.24	10.66	0.12	12.51	5.74	8.27	1.02	0.13	1.75	35.06	190.4	95.8	0.3	0.44	12.7	.	64	20.1	15.9	0.15	0.12	1654	122.4	29.9	682.5
51	548234.61	6259178.19	126	136	0.16	2.68	10.42	0.15	13.37	5.51	8.14	1.88	0.13	1.75	22.08	195.8	217.1	0.5	1.4	15.7	.	56.6	22.5	20.9	.	.	1628	225.6	29.9	682.5
54	517735.01	6571859.01	89	85	0.3	2.19	9.08	0.14	25.6	6.7	12	1.9	1.2	2.8	122.87	121.4	188.4	0.7	1.39	21.9	12.1	11	61.3	27.7	.	.	2400	228	276	1092
55	521452.94	6557077.16	102	104	0.15	.	10.1	0.1	16.44	6.5	12.16	3.14	0.15	1.88	15.54	145.5	222	1.2	0.01	20	11.9	21.8	54.7	23.5	.	.	2432	376.8	34.5	733.2
56	518981.65	6539151.93	115	121	0.55	2.69	12	0.13	28.8	7.6	15.8	5.2	4.9	1.9	41.81	88.8	211.3	3.7	0.51	27.7	18.2	6.9	56.4	36.7	.	.	3160	624	1127	741
57	516398.81	6523475.26	128	130	0.09	2.39	9.89	0.14	25.5	7	12.6	2.95	1.3	2.3	59.7	77.3	183.4	1.7	0.94	21.4	11.7	11.4	62.2	26.5	.	.	2520	354	299	897
58	526721.79	6505980.35	127	106	0.07	2.43	9.38	0.15	24.6	6.9	10.1	2.56	1.1	2.2	30.77	131.1	157.6	1.2	0.58	22.6	13.6	6.3	64.3	29.5	0.14	0.1	2020	307.2	253	858
59	521565.99	6479407.82	142	141	0.13	1.15	6.68	0.1	21.6	7.5	7.72	5.12	1.2	1.7	28.93	123.9	195.8	1.3	0.22	18.7	10.2	23	51.6	25.4	.	.	1544	614.4	276	663
60	517747.76	6451336.03	146	150	0.52	2.51	10.4	0.14	24.3	6.5	10.1	1.9	1.4	2.3	41.4	176.9	160.4	1.2	0.47	25.2	11.9	11.2	64.5	24.3	.	.	2020	228	322	897
62	520817.67	6423080.91	138	144	0.38	29.07	11.27	0.15	18.4	6.2	6.6	3.8	2.2	3.3	33.63	274	147.8	2.6	1.41	27.7	16.2	2.9	63.6	33.6	0.12	0.2	1320	456	506	1287
63	521616.09	6394127.28	138	138	0.07	2.73	10.33	0.14	17	6.7	6.81	4.97	1.4	2.3	28.21	187	150.7	1.2	1.8	23.8	13.5	19.4	58	22.6	.	.	1362	596.4	322	897
64	523663.16	6374579.7	133	133	0.09	2.83	9.35	0.15	16.4	6.3	9.81	1.35	1.2	2.5	95.47	165.9	126.8	0.9	2.19	20.9	11.3	22.5	54.3	23.1	.	.	1962	162	276	975
65	522161.5	6361885.51	131	120	0.07	.	10.92	0.13	15.2	6.5	8.8	2.97	1.3	2.3	86.68	133.5	157.5	0.7	2.12	18.8	9.9	28.8	54.5	16.7	.	.	1760	356.4	299	897
66	523948.48	6338316.61	120	115	0.2	1.62	8.55	0.11	18	6.3	9.1	2.3	1.5	2.4	63.79	125.5	162.2	0.7	0.15	17.6	10.5	29.1	46.8	24.1	.	.	1820	276	345	936
67	522520.03	6315973.81	112	116	0.04	2.08	8.68	0.14	14.8	6.6	7.23	1.91	1.4	2.1	24.64	216.7	95.9	0.8	0.87	17.6	9.7	35.2	43.7	21.1	.	.	1446	229.2	322	819
68	521852.54	6296956.51	119	122	0.12	1.48	7.16	0.12	13.9	6.8	6.83	2.09	1.3	2.4	83.11	182	56.5	0.2	3.29	12.8	7.3	56.6	28.6	14.7	.	.	1366	250.8	299	936
69	527007.19	6280271.32	127	131	0.1	1.44	6.36	0.13	12.3	7.2	6.45	1.86	1.3	2.1	60.41	122.3	92.6	0	2.13	12.9	.	60.3	25.3	14.4	.	.	1290	223.2	299	819
70	515660.94	6259661.03	129	135	0.18	3.69	9.68	0.22	12.7	6.7	5.6	3.7	1.3	2.8	87.71	226.9	188.7	0.5	4.67	17.4	11.8	68	19.2	12.7	.	.	1120	444	299	1092
71	521364.08	6242214.02	123	125	0.13	3.31	10.98	0.17	14.8	6.4	5.6	3.8	1.4	1.8	25.25	129.2	158.6	1.3	2.12	21.4	11.2	37.8	43.3	18.9	.	.	1120	456	322	702
72	519430.2	6208789.74	128	122	0.1	2.39	10.65	0.13	16.1	6.4	11.23	2.74	0.2	1.3	18.81	281.6	274.1	1.1	1.54	20.2	.	48	30.1	22	0.15	0.2	2246	328.8	46	507
76	497504.29	6595467.86	86	81	4.56	2.3	8.89	0.15	19.13	6.2	18.7	9.8	2.6	2.6	104.67	73.5	194.7	1.8	3.35	20.9	9.8	17.8	69.9	12.3	0.14	0.05	3740	1176	598	1014
77	498859.46	6582924.35	95	88	6.29	3.58	9.43	0.22	28.2	6	20.7	9.8	0.4	2.3	88.32	155.9	184.2	3.3	3.36	28.4	15.1	17.3	48.7	34	0.22	0.13	4140	1176	92	897
78	496547.77	6554849.01	122	120	0.09	2.31	10.32	0.13	19.9	7.4	8.6	4.2	0.3	2.7	84.23	159.1	191.3	1.2	1.21	22.3	11.7	13.9	61.2	25	.	.	1720	504	69	1053
80	502725.07	6522890.39	146	142	0.1	1.9	8.48	0.13	13.9	6.9	9.1	2.3	1	2.1	58.47	127.8	162.1	1.5	0.82	18.4	8.9	34.9	43.8	21.3	.	.	1820	276	230	819
81	504966.36	6496753.99	151	153	0.17	2.21	11.64	0.11	18.4	7	7.72	5.12	1.1	2.2	34.45	88.1	169.2	1.7	0.17	20.7	9.6	15.2	61.7	23.1	0.16	0.1	1544	614.4	253	858
82	493626.25	6469272.39	176	168	0.13	2.93	8.95	0.19	14	6.8	9.7	5.4	1.3	2.7	90.36	122.9	175.7	1.8	3.38	23.3	12.1	12.7	60.6	26.7	.	.	1940	648	299	1053
83	503024.7	6459416.44	164	165	0.16	2.29	11.07	0.12	16.3	7	7.3	3.3	1.3	2.4	35.88	191.1	191.1	0.5	0.34	18.7	9.6	11.8	88.1	0.1	0.14	0.11	1460	396	299	936
84	491398.68	6442386.3	185	184	0.18	3.11	11.27	0.16	16.4	6.9	9.25	3.54	1.1	2.2	69.61	202.9	191.2	1.2	1.62	21.8	9.9	18	61.8	20.2	.	.	1850	424.8	253	858
85	501033.99	6417871.62	160	160	0.18	0.97	7.05	0.08	13.4	8.6	12.7	4.94	2.4	2.4	20.65	46.7	166.5	0.3	1.06	20	9.1	24.1	63	12.9	0.11	0.03	2540	592.8	552	936
86	503837.23	6399236.74	158	158	0.09	3.1	10	0.18	22.1	6.2	12.7	4.9	1.6	2.6	68.28	248.3	188.7	3.7	3.84	33	20.1	5.8	57.3	36.9	.	.	2540	588	368	1014
87	500936.89	6377536.04	152	146	0.26	2.16	9.65	0.13	12.2	7	6.43	4.8	1.3	2.2	68.79	258.7	98.5	2.1	1.07	21.8	10	22.8	55.9	21.3	0.15	0.16	1286	576	299	858
88	494748.6	6356124.39	146	146	0.15	2.12	12.32	0.1	14.7	6.2	6.96	3	1.4	2.2	37.31	132.7	133.3	0.6	0.78	17.7	9.1	31.4	49.6	19	.	.	1392	360	322	858
89	500780.99	6333918.03	132	122	0.24	2.3	9.51	0.14	15.6	5.6	8.43	2.35	1.1	2	34.14	199.6	100.1	0.4	0.91	20	9.7	36.8	44.5	18.8	0.15	0.13	1686	282	253	780
90	490612.02	6315769.43	127	129	0.13	2.4	10.3	0.14	12.7	5.81	5.35	3.98	0.37	2.24	26.27	268.2	135	0	0.52	15.3	8.4	51.8	36.2	12	.	.	1070	477.6	85.1	873.6
91	499572.02	6292383.84	122	122	0.43	1.91	10.36	0.11	11.3	6.11	6.81	1.1	0.5	2.1	17.89	182.7	155.4	0.1	0.42	14	7.6	62.8	22.8	14.4	0.1	0.09	1362	132	115	819
92	505459.79	6279686.88	125	125	0.08	1.81	9.98	0.1	12.56	5.93	6.09	2.72	0.03	1.59	12.37	138.7	73	0.5	0.01	12.7	8.1	66.5	16.7	16.8	.	.	1218	326.4	6.9	620.1
93	495630.78	6254220.95	131	127	0.13	2.17	10.4	0.12	12.9	5.72	6.83	2.52	0.13	1.68	13.19	160.9	109	1	0.01	13.5	8.9	63.6	18.8	17.6	.	.	1366	302.4	29.9	655.2
94	502250.4	6228811.57	137	134	0.09	3.3	9.73	0.16	16	6.6	7.44	1.18	0.13	2.36	116.94	320.3	127.1	0.7	2.11	18.1	11	52.6	31.7	15.7	.	.	1488	141.6	29.9	920.4
95	500274.48	6213317.47	128	124	0.94	2.31	10.17	0.1	13.9	7.6	9.52	1.41	2.6	1.4	25.35	304.4	152.6	0.7	2.72	16	.	47.4	35.9	16.7	.	.	1904	169.2	598	546
96	501314	6200115.09	122	129	0.38	2.86	9.51	0.15	14.7	7.3	9.65	2.57	1.8	2.1	34.55	153.8	232.8	1.4	0.66	16.2	9.6	51.5	30.6	18	0.08	0.17	1930	308.4	414	819
98	470472.31	6684993.25	80	83	17.85	3.48	15.55	0.13	20.6	6.5	10.8	0.32	10.4	2.2	32.3	45.2	192.4	0.7	1.05	24.3	12.8	29.2	57.8	13.1	.	.	2160	38.4	2392	858
99	467093.76	6665903.52	80	103	3.52	3.34	9.21	0.21	20.1	7.2	18.2	7.63	4.8	2.8	130.03	13	203	2	1.66	17.9	10.2	32	47	21	0.12	0.02	3640	915.6	1104	1092
101	480380.6	6596977.65	90	87	0.3	1.93	10.15	0.11	6.4	6.8	4.1	2.6	1	1.5	58.37	28.4	299	1.8	0.01	11.9	7.1	63.1	25.3	11.7	.	.	820	312	230	585
102	478336.13	6581409.06	114	132	0.26	2.66	10.29	0.15	14.4	7.4	11.52	5.77	1.1	3.2	83	105.7	211.6	2.3	1.51	25.7	12.6	15.8	55.4	28.8	.	.	2304	692.4	253	1248
103	478088.6	6555573.5	151	142	0.17	1.92	9.27	0.12	20.91	7	11.97	2.07	0.05	2.16	56.12	90.4	176.5	1.7	0.17	20.8	9.7	15.6	59.8	24.7	.	.	2394	248.4	11.5	842.4
104	472449.69	6531217.66	184	183	0.09	2.3	11.1	0.12	14	7.6	11.15	2.13	0.05	2.11	32.4	94.2	176.1	2.1	0.06	20.3	9.5	12.9	62.7	24.4	.	.	2230	255.6	11.5	822.9
105	479440.8	6520630.34	178	184	0.1	2.66	12.87	0.12	10.06	7.4	10	2.28	1.2	1	26.48	123.5	62.4	2.9	1.58	16.3	8.1	47.3	30.7	22	.	.	2000	273.6	276	390
106	480565.52	6497231.48	190	192	0.19	2.47	11.93	0.12	11.19	6.9	10.6	3.7	1.5	2.3	53.56	93.3	180.4	1.9	0.29	19.9	9.6	14.7	60.9	24.3	.	.	2120	444	345	897
108	481351.78	6454470.98	198	195	0.34	3.78	12.17	0.18	16.75	6.6	11.98	2.71	0.1	1.75	48.25	163.4	188.6	3.5	4.63	25.7	12.5	19.2	51.6	29.1	.	.	2396	325.2	23	682.5
109	480685.62	6433791.94	195	196	0.55	1.61	8.5	0.11	16	7.8	8.65	3.12	4.1	2.7	37.31	155.3	106.4	0.8	1.58	21.4	9.9	14	61.5	24.5	.	.	1730	374.4	943	1053
110	480716.92	6417424.43	195	199	0.22	2.9	9.9	0.17	17.4	6.6	8.89	4.33	1.5	2.7	80.75	185.8	158.7	2.2	2.85	21.6	10.2	23.2	55.2	21.6	.	.	1778	519.6	345	1053
111	477386.81	6397106.59	193	198	0.24	2.29	9.47	0.14	15.6	6.2	9.35	4.46	1.2	2.4	35.27	167.9	139.2	1.5	0.54	21.3	10.4	23.6	52	24.4	.	.	1870	535.2	276	936
112	477023.58	6378135.27	172	181	0.3	2.7	12.06	0.13	13	6.6	7.5	4.2	1.7	2.6	34.45	122.1	117.5	2.5	1.44	17.5	8.8	28.3	57.6	14.1	.	.	1500	504	391	1014
113	478417.9	6357823.02	162	160	0.1	2.46	10.21	0.14	15.6	6.9	6.9	2.92	1.4	2.4	28.11	113.6	100.2	1.1	0.2	15.7	6.9	29.9	51.4	18.7	.	.	1380	350.4	322	936
114	480871.37	6337608.27	143	147	0.36	1.47	7.77	0.11	8.3	6.1	4.9	4.8	0.8	2.2	30.05	123.8	138.6	1	0.41	13.7	6.8	45.2	42.9	11.8	.	.	980	576	184	858
115	472700.37	6317987.42	155	153	0.09	1.31	10.17	0.07	10.11	5.48	5.89	1.1	0.02	1.49	14.92	143.6	58.1	0.8	0.01	11	6.1	66.6	14.9	18.5	.	.	1178	132	4.6	581.1
116	481955.4	6299138.96	131	130	0.18	2	10.84	0.11	10.63	6.85	7.51	1.28	0.67	1.8	24.84	239.2	186.4	1	0.67	17.2	10.1	42.6	43.8	13.6	.	.	1502	153.6	154.1	702
117	481424.93	6268437.49	127	129	0.13	2.41	11.46	0.12	12.2	6.4	8.64	2.8	1.5	2	35.57	255	108.8	0.6	0.75	14.9	7.4	57.8	24.7	17.5	.	.	1728	336	345	780
118	476134.61	6246140.01	130	131	0.14	2.24	10.82	0.12	15.6	5.48	5.55	1.82	0.09	1.96	27.91	192.9	95.4	0.4	0.29	12.7	.	63.7	20	16.3	.	.	1110	218.4	20.7	764.4
119	487791.2	6235224.29	132	139	0.17	2.24	9.75	0.13	10.8	6.7	5.05	1.99	1.7	3.1	41.81	257.4	80.1	0	4.03	10.1	7.7	70.3	19.2	10.4	.	.	1010	238.8	391	1209
120	479213.36	6220086.55	133	131	1.17	1.18	7.62	0.09	13.6	8.8	7.95	1.28	4.1	1.6	13.08	183.2	210.4	0.4	0.94	17.5	7.6	42.6	41.7	15.8	.	.	1590	153.6	943	624
121	478163.29	6197930.61	134	132	0.44	0.84	2.71	0.18	8	8.1	6.79	2.22	2.7	2.1	47.33	245.1	164.5	0.5	1.29	9.6	5.1	72	15.7	12.3	.	.	1358	266.4	621	819
123	452452.95	6685685.02	183	187	0.26	2.37	8.61	0.16	33	6.3	15.04	3.63	1.7	2.8	155.78	92.7	315.1	2.9	1.94	24.3	12.1	11.8	59.2	29	.	.	3008	435.6	391	1092
124	454630.37	6650994.26	128	145	0.24	3.49	8.1	0.25	24.6	6.6	19.1	2.95	1.5	2	49.88	57.8	175.3	1.3	1.6	23.2	.	17	57.4	25.7	.	.	3820	354	345	780
125	454257.61	6632301.93	116	119	0.12	1.14	9.41	0.07	13.8	7.1	9.34	1.52	1.1	1.8	50.91	43	186.8	0.1	0.39	12.6	6.8	52.4	31.3	16.3	0.09	0.03	1868	182.4	253	702
126	463017.16	6617130.56	80	85	8.22	3	9.16	0.19	35.8	7.3	25.07	2.99	1.73	2.4	29.95	71.1	300.9	0.7	0.97	25.3	14.1	19.3	53	27.7	.	.	5014	358.8	397.9	936
127	459804.01	6596920.25	98	109	0.2	1.86	12	0.09	11.71	7	10.8	0.92	0.04	1.74	22.18	18.1	168.4	1.5	0.01	13.5	6.6	42.9	39.9	17.3	.	.	2160	110.4	9.2	678.6
128	459951.17	6581355.85	120	120	0.12	2.98	11.51	0.15	18.4	7.5	11.7	4.02	0.2	2.1	42.42	22.4	318.6	3	1.36	19.6	8.6	31.9	44.3	23.8	0.11	0.03	2340	482.4	46	819
129	462475.69	6557023.01	165	165	0.17	2.51	7.65	0.19	15.05	7.2	13.73	0.64	0.03	2.26	44.77	94.3	197.4	2.3	1.33	17.9	8.5	41.4	35.2	23.3	0.1	0.05	2746	76.8	6.9	881.4
130	456426.16	6528027.06	219	222	0.26	3.22	11	0.17	22.11	6.6	12.6	2.95	0.03	2.77	43.14	81.4	174.7	1.7	0.87	21.7	10.7	15.2	58.4	26.4	.	.	2520	354	6.9	1080.3
132	462239.48	6500270.7	223	228	0.15	1.75	6.75	0.15	20.8	7.5	14.04	3.97	0.3	2.4	29.34	33.6	205.8	2.1	0.27	19.7	9.8	17.4	58.6	24	0.16	0.05	2808	476.4	69	936
133	457980.52	6478448.42	235	240	0.16	2.28	10.19	0.13	20.32	6.8	9.81	3.27	0.04	2.78	54.38	112.1	153.6	2.9	0.02	19	10.7	14.1	62.6	23.3	.	.	1962	392.4	9.2	1084.2
134	460337.21	6457270.37	235	235	0.09	1.7	8.2	0.12	17.5	7.4	11.33	2.15	0.2	3	90.16	100.4	174.7	2.8	0.11	17.8	.	21.8	59.2	18.9	0.16	0.1	2266	258	46	1170
135	460414.96	6437318.15	239	244	0.1	1.8	11.59	0.09	13.8	7.4	8.9	2.76	0.2	2.7	78.4	67.9	145.2	0.6	0.01	14.9	.	38.4	48.8	12.8	.	.	1780	331.2	46	1053
136	459339.54	6416019.79	232	229	0.11	1.43	7.53	0.11	11.7	7.2	9.34	1.58	0.5	2.1	125.73	101.8	162.3	0.5	0.01	15.3	.	30.3	50.3	19.5	0.13	0.08	1868	189.6	115	819
137	457447.09	6401522.79	224	225	0.15	2.1	8.71	0.14	14.9	6.9	7.75	2.76	0.3	3.4	62.56	129.4	141.9	0.2	2.34	16.8	.	25	54.8	20.2	.	.	1550	331.2	69	1326
138	460815.29	6380175.87	198	191	0.85	2.39	9.26	0.15	17	7.2	15.42	3.39	2.9	4.8	20.14	42.2	171.1	2.8	4.36	15.2	.	45.3	39.9	14.9	0.15	0.05	3084	406.8	667	1872
139	465851.56	6355546.78	172	170	4.61	1.82	9.57	0.11	13	8.2	8.96	1.7	1.3	2.3	88.52	118.8	97.3	1.7	0.9	12.6	.	47.2	40	12.9	.	.	1792	204	299	897
140	464229.43	6338212.38	166	158	0.35	1.96	8.75	0.13	10.3	6.7	6.88	3.6	1	2.1	19.42	128.4	93.3	0.1	0.01	13.4	.	45.7	37.2	17.1	0.16	0.12	1376	432	230	819
141	450952.97	6311663.16	182	186	0.11	2.35	10.83	0.13	13.2	5.59	7.98	2.33	0.03	1.74	39.15	173.6	131.6	1.3	0.01	17.7	9.6	48.2	31.4	20.4	.	.	1596	279.6	6.9	678.6
142	465263.67	6296646.01	150	146	0.1	2.31	12.16	0.11	12.35	5.69	5.51	2.66	0.02	1.97	36.49	179	91.8	0.6	1.08	14.9	8.1	59.6	40.4	12.9	0.15	0.13	1102	319.2	4.6	768.3
143	460321.84	6275948.22	139	148	0.12	1.94	9.79	0.12	10.68	5.45	6.19	1.22	0.02	1.78	29.24	178.3	83.2	0.6	0.47	13	7.4	67.9	22.8	9.2	.	.	1238	146.4	4.6	694.2
144	456056.18	6258558.29	131	136	0.16	1.79	10.41	0.1	8.49	5.37	5.43	1.12	0.07	1.46	10.84	259.2	110.2	0.8	0.09	11.5	6.4	65.5	23.7	10.8	0.11	0.15	1086	134.4	16.1	569.4
145	459850.71	6238129.3	136	137	1.61	1.55	10.6	0.09	8.3	6.8	4.53	1.87	1.45	1.74	35.06	256.4	155.1	0.7	0.78	10.9	6.6	63.2	36.8	12	.	.	906	224.4	333.5	678.6
146	460984.57	6218295.14	146	146	0.11	2.09	10.99	0.11	12.4	6.2	6.83	2.09	1.3	2.4	69.82	214.9	106.7	0.6	3.62	13.2	7.8	57.5	26.6	15.9	0.15	0.14	1366	250.8	299	936
147	460561.64	6198267.71	141	143	0.11	2.33	10.41	0.13	11.8	6.3	7.52	4.44	1.1	1.8	15.64	169.2	119.4	0.6	1.59	14.5	8.1	55.1	27.7	17.2	.	.	1504	532.8	253	702
148	456152.09	6175430.28	140	138	0.11	2.01	9.69	0.12	10	6.9	6.44	2.44	0.03	1.53	18.4	115.2	94.8	0.6	0.84	14.5	8.8	53.2	28.4	18.3	0.13	0.12	1288	292.8	6.9	596.7
149	459156.5	6159880.09	129	137	0.15	2.01	9.72	0.12	10.79	6.1	6.24	1.44	0.1	1.71	15.64	291.5	183.5	0	1.18	15.9	7.1	50	32.4	17.6	.	.	1248	172.8	23	666.9
150	448405.03	6145930.74	126	113	0.3	3.26	7.87	0.24	20.2	7.7	10.78	10.74	1.2	1.9	18.4	121.1	213.5	1.2	2.85	26.7	13.5	29.7	46.8	23.6	0.19	0.09	2156	1288.8	276	741
151	429559.32	6713097.28	626	629	0.28	3.81	9.2	0.24	17.6	7.6	16.2	2.09	1.5	1.4	3.68	30.2	105.3	1.2	0.01	20.9	.	45.7	35.3	19.1	0.23	0.03	3240	250.8	345	546
152	431144.15	6693667.17	366	370	0.13	2.2	8.52	0.15	24.6	6.8	7.77	3.63	1.2	1.6	79.94	53	312.6	1.8	1.21	27.3	14.2	12.4	56.2	31.5	0.16	0.05	1554	435.6	276	624
153	441061.88	6675046.78	226	231	0.19	2.21	9.14	0.14	31.1	6.9	5.13	5.46	1.3	2.4	28.62	45.3	306.7	2.8	0.63	22.8	11.6	13.6	61.5	25	.	.	1026	655.2	299	936
154	433488.84	6656235.7	272	276	0.26	2.63	8.46	0.18	24.8	6.7	6.89	3.7	1.5	2.3	35.27	42.2	207.7	0.7	1.59	24.7	11.5	8.8	64.8	26.5	.	.	1378	444	345	897
155	430584.39	6631844.69	255	262	0.24	2.33	9.03	0.15	20.2	6.8	9.76	0.56	1.3	2.2	85.46	82.9	317.2	3	1.58	23.5	12.1	15	59.9	25.1	.	.	1952	67.2	299	858
156	439114.39	6616771.45	193	189	0.27	2.94	8.98	0.19	18.96	7.2	6.89	3.7	1.5	2.1	23.51	39.1	210.3	1	8.44	23.2	10.7	13.8	63.7	22.5	.	.	1378	444	345	819
157	439227.16	6596823.36	184	186	0.15	2.26	7.72	0.17	29.2	6.6	12.3	3.96	1.4	3.1	10.32	67.6	209.5	0.7	0.55	22.5	.	13.5	58.9	27.6	.	.	2460	475.2	322	1209
158	444384.32	6572176.24	188	195	0.22	2.37	7.63	0.18	20.33	6.7	13.08	2.71	0.02	2.48	51.11	67.9	194.2	0.9	0.44	23	.	17.1	58	24.9	.	.	2616	325.2	4.6	967.2
159	439454.51	6556925.52	213	221	0.21	2.19	8.48	0.15	22.9	6.7	14.04	2.35	0.02	2.45	37.31	67	206.7	1.3	0.01	23.2	.	11.1	60.1	28.8	.	.	2808	282	4.6	955.5
160	439488.01	6534812.88	249	227	0.09	2.65	10.25	0.15	24.9	7	13	3.23	1.4	2.3	46.61	64.4	285.9	1.4	0.32	21.9	12.5	13.2	61.5	25.3	.	.	2600	387.6	322	897
161	442482.7	6521238.9	259	254	0.17	2.48	13.06	0.11	22.27	7.4	12.64	1.92	0.08	2.28	36.6	74.4	180.1	1.5	0.01	19.8	.	15.3	59.7	25.1	.	.	2528	230.4	18.4	889.2
162	437738.53	6502293.25	282	286	0.18	2.29	8.85	0.15	20.9	7.2	9.2	2.4	0.6	2.4	48.55	126.8	167.8	0.7	0.01	20.7	9.4	18.2	58.5	23.2	.	.	1840	288	138	936
163	437197.36	6476251.34	276	280	0.31	2.55	11.38	0.13	19.96	6.6	9.42	3	0.06	2.34	32.51	108.2	140.4	1.1	0.32	18.8	.	23.4	53.4	23.2	.	.	1884	360	13.8	912.6
164	440689.25	6459393.96	276	279	0.1	1.79	7.43	0.14	15.08	7	10.19	2.6	0.03	2.01	24.02	124.5	129.5	1.1	0.11	18.1	9.8	23.1	53.4	23.5	.	.	2038	312	6.9	783.9
165	440150.88	6437218.73	277	284	0.09	2.18	12.62	0.1	17.2	6.8	11.14	5.19	0.4	1.7	13.9	128.6	93.4	5.6	0.24	26.7	.	39.5	47.4	13	.	.	2228	622.8	92	663
166	436267.75	6422024.45	285	281	0.13	3.01	13.42	0.13	25.6	6.6	9.4	4.03	1.3	1.9	40.68	150.6	151.2	1.7	0.53	20.6	9.3	26.4	52.5	21.1	.	.	1880	483.6	299	741
167	443077.86	6398613.19	239	241	0.32	3.06	10.44	0.17	15.9	6.8	8.49	3.37	1.1	3.2	86.99	150.6	142.6	1	1.67	18.9	9.3	36.6	45.9	17.5	.	.	1698	404.4	253	1248
168	435863.85	6379223.07	244	241	0.12	1.6	11.18	0.08	7.78	6.35	9.46	1.82	0.02	1.9	12.88	83.3	75.9	1.1	0.01	13.1	7.3	47.1	38.4	14.4	.	.	1892	218.4	4.6	741
169	446602.99	6357883.3	209	209	0.1	1.39	9.53	0.09	8.67	6.03	7.28	2.01	0.02	1.67	11.76	109.3	84.8	1	0.01	12.6	7.1	94.8	0	5.2	.	.	1456	241.2	4.6	651.3
170	442929	6343521.97	215	215	0.16	1.76	10.98	0.09	9.71	5.71	5.18	2.62	0.04	1.75	27.29	115.4	61.1	0.3	0.01	12.1	7.3	62.6	26.5	10.9	.	.	1036	314.4	9.2	682.5
171	439491.94	6318077.2	209	211	0.07	1.44	10.88	0.08	7.34	5.71	5.55	1.44	0.03	1.33	14.41	104.4	45.7	0.3	0.01	10	6.1	80.5	12.8	6.7	.	.	1110	172.8	6.9	518.7
172	431151.69	6297512.12	203	207	0.09	2.03	10.88	0.11	8.78	5.83	6.48	1.99	0.02	1.95	22.18	140.7	82.6	0.6	0.01	14.9	8.2	55.9	20	24.1	.	.	1296	238.8	4.6	760.5
173	440484.77	6275979.3	162	175	0.12	1.3	8.67	0.09	7.51	5.5	6.29	0.8	0.02	1.47	24.12	98	56.9	0.1	0.45	10.8	6.4	72.2	19.8	8	.	.	1258	96	4.6	573.3
174	440098.62	6250708.9	149	153	0.19	1.47	10.13	0.08	8.58	6.42	4.61	1.87	0.48	1.45	8.59	107.6	126	0.3	0.01	12.1	7.2	59.7	30.1	10.2	.	.	922	224.4	110.4	565.5
175	443317.34	6244372.51	146	150	0.13	1.64	10.91	0.09	10.7	5.63	4.67	2.95	0.04	1.64	7.67	98.8	103.8	0.7	0.01	12.5	7.7	72.8	12.3	15	.	.	934	354	9.2	639.6
176	440967.5	6227406.82	149	137	8	0.92	10.62	0.05	10.5	9.2	5.56	2.28	9.4	1.5	18.3	93	255.7	1.1	0.94	16.2	.	60.4	29.3	10.2	.	.	1112	273.6	2162	585
177	438685.11	6206639.95	147	147	5.29	1.71	14.19	0.07	11.1	7.7	7.5	7.74	8	1.6	109.79	208.4	231.1	3	0.01	19	8.3	49.3	34.9	15.8	.	.	1500	928.8	1840	624
178	440748.31	6181170.21	145	140	0.1	2.2	11.58	0.11	11.4	6.6	6.44	2.44	1.3	1.6	19.42	142.7	94.3	1.2	1.07	15.7	.	58.8	24.4	16.8	.	.	1288	292.8	299	624
179	435022.64	6151497.02	136	140	0.13	1.88	10.89	0.1	9.5	6.8	8.43	2.11	1.1	1.6	54.07	165.6	76.2	1.7	0.46	13.8	6.3	64.6	20.9	14.6	.	.	1686	253.2	253	624
180	445299.77	6133187.62	126	127	0.15	1.92	11.13	0.1	10.5	6.4	8.64	2.8	1.4	1.7	26.88	243.2	118.2	1.8	0.66	17.9	9.4	53.9	28.7	17.4	.	.	1728	336	322	663
181	409646.23	6716651.09	650	648	0.17	3.58	9.9	0.21	17.2	8	15.35	2.9	1.1	1.4	20.34	35.2	214.4	2	1.58	19.3	10.8	46.2	33.7	20.2	.	.	3070	348	253	546
182	414484.44	6691598.27	637	621	0.36	4.26	7.72	0.32	15.61	7.7	19.94	0.2	0.02	1.58	39.5	101.3	136.5	0.4	4.51	13.2	.	54.7	26.9	18.4	.	.	3988	24	4.6	616.2
183	418050.85	6676477.99	534	462	0.31	3.16	8.73	0.21	25.2	6.8	15.02	2.93	0.4	1.3	46.51	56.8	213.8	1.1	1.48	22.1	12.4	28.8	43.9	27.4	.	.	3004	351.6	92	507
184	414909.64	6656060.91	447	442	0.31	4.18	12.11	0.2	26.7	6.9	16.9	3.84	0.4	2.2	71.86	65.6	216	1.1	1.31	21.9	.	15.1	58	26.9	0.1	0.05	3380	460.8	92	858
185	415617.58	6642028.94	415	420	0.21	3.16	13.08	0.14	19	7.1	12	5	1.4	2	78.81	84.2	192.4	1	0.49	20.6	.	18.5	56.1	25.4	.	.	2400	600	322	780
186	423666.86	6616209.04	299	308	0.23	2.94	28.43	0.06	21.5	6.2	14.1	5.1	1.2	2.5	83.72	85.1	309.7	1.7	1.58	25.9	.	10.5	58	31.5	0.11	0.07	2820	612	276	975
187	418240.45	6593812.04	330	338	0.2	3	10.22	0.17	26.7	5.9	13	3.5	1.2	1.9	35.37	95.4	201.7	0.4	0.63	23.7	.	17.7	54.5	27.8	0.11	0.06	2600	420	276	741
188	414895.03	6575416.09	350	362	0.17	3.09	11.96	0.15	21.22	7	14.22	2.04	0.02	2.28	63.58	73.5	292.7	1.5	0.45	22.4	.	10.7	61.9	27.3	.	.	2844	244.8	4.6	889.2
189	408415.59	6559530.63	397	397	0.17	4.23	11.16	0.22	28.2	6.9	16.5	3.09	0.4	2.3	58.57	95.7	271.3	1.5	1.52	26.5	.	10.6	58.1	31.3	.	.	3300	370.8	92	897
190	419639.81	6535326.89	314	314	0.34	2.5	11.15	0.13	15.9	6.9	13.18	4.25	1.3	2	48.96	87.8	208.2	1.7	0.42	21.1	12.4	10.1	62.4	27.5	0.13	0.08	2636	510	299	780
191	418820.67	6517895.2	328	327	0.19	2.94	12.19	0.14	11.6	6.7	12	5	0.4	2.5	79.02	101.6	210.4	1.1	1.06	19.5	.	18.9	57.7	23.4	.	.	2400	600	92	975
192	419416.76	6496935.98	326	333	0.17	3.36	10.83	0.18	11.7	6.7	8.33	2.52	0.4	2.5	52.34	134.5	194.4	1	2.08	21.7	.	24.8	53.1	22.1	0.08	0.09	1666	302.4	92	975
193	420262.09	6480316.16	318	325	0.09	2.76	14.54	0.11	17.8	6.9	7.72	5.12	0.9	2.1	28.32	76.5	184.1	1.2	0.19	19.8	10.4	17.4	59.2	23.5	.	.	1544	614.4	207	819
194	419729.09	6457031.74	324	329	0.11	1.61	13.34	0.07	16	6.5	10.8	0.92	1.3	1.7	17.89	20.1	129	1.3	0.01	15.4	8.5	28.1	55.6	16.4	0.17	0.05	2160	110.4	299	663
195	419886.44	6437078.79	323	327	0.05	1.65	19.16	0.05	9	7	6.3	1.9	1.1	0.8	36.19	84.4	123.5	1.6	0.16	10.2	6	69.3	0	30.7	.	.	1260	228	253	312
196	422555.73	6416998.92	306	308	0.13	2.37	13.76	0.1	11.5	6.7	9.9	4.74	0.3	1.5	10.53	79.1	135.7	2.2	0.01	20.2	11.3	35.3	46.6	18.1	0.15	0.09	1980	568.8	69	585
197	424187.59	6394252.6	276	277	0.15	1.71	10.12	0.1	12.81	6.46	8.96	3.25	0.04	2.02	15.95	62.4	157.9	1.4	0.5	17.8	9.4	51.6	36.1	12.3	.	.	1792	390	9.2	787.8
198	420123.24	6377094.15	304	307	0.14	2.33	11.55	0.12	10	5.99	6.44	2.44	1.1	1.7	25.45	133.3	126.2	1.4	0.76	19.1	10.3	46.4	35.1	18.6	0.12	0.13	1288	292.8	253	663
199	416997.72	6363301.56	293	280	0.08	1.24	10.39	0.07	9.49	6.93	4.33	0.96	0.03	1.42	13.39	145.9	44.6	0.1	0.01	10	5.6	72.9	19.9	7.2	.	.	866	115.2	6.9	553.8
200	425171.03	6344753	263	257	0.1	2.08	10.28	0.12	13.18	6.19	7.25	2.11	0.03	2.4	13.29	98.3	93.6	0.7	0.29	13.9	8.2	64.1	22	13.9	0.1	0.09	1450	253.2	6.9	936
201	417917.15	6326745.97	268	283	0.15	2.69	12.46	0.13	15	6.66	10.38	1.92	0.04	2.91	192.38	170.9	150.3	1.6	27.58	22.6	.	46.6	38.5	14.9	.	.	2076	230.4	9.2	1134.9
202	423547.62	6312202.42	242	250	0.09	2.03	12.01	0.1	11.9	5.31	5.58	1.54	0.03	1.54	33.02	114.7	65.7	0.2	0.01	12.7	7.8	69.1	19.8	11.1	0.11	0.09	1116	184.8	6.9	600.6
203	420675.52	6277073.31	201	209	0.08	2.03	10.68	0.11	12.6	5.45	6.64	1.82	0.03	1.87	26.68	124.6	89.7	0.4	0.01	13.1	8.3	60	26.3	13.6	0.11	0.11	1328	218.4	6.9	729.3
204	432630.41	6256210.77	161	161	0.5	1.52	8.67	0.1	10.94	5.98	4.82	1.62	0.75	1.72	16.66	151.9	106.1	0.1	0.48	13.3	7.1	65.3	20.8	14	.	.	964	194.4	172.5	670.8
205	415059.81	6233150.92	173	176	0.3	1.89	9.96	0.11	13.5	6.3	9.55	1.18	0.6	1.7	122.05	289.1	129.8	1.6	1.12	17.1	8.3	55.1	28.7	16.2	.	.	1910	141.6	138	663
206	415498.84	6218452.95	166	165	0.17	1.81	10.5	0.1	11	6.2	8.36	3.44	0.3	1.7	30.36	196.4	76.9	0.3	0.64	12.2	.	68.8	18.4	12.8	0.08	0.11	1672	412.8	69	663
207	413075.1	6197489.78	166	165	0.12	1.29	10.73	0.07	11.2	6.3	9.36	2.72	1.3	1.5	20.04	132.8	55.1	0.3	0.01	12.4	.	71.2	15.5	13.3	.	.	1872	326.4	299	585
208	421888.16	6180591.73	149	152	0.11	1.26	6.65	0.11	12.6	6.2	11.64	2.8	1.3	1.5	17.68	242.2	109.4	1.5	0.78	13.9	6.6	66.3	18.2	15.5	0.09	0.12	2328	336	299	585
209	414970.18	6156712.11	146	145	0.09	1.12	7.21	0.09	11.2	6.4	9.02	1.1	1.1	1.6	34.45	227.8	70.8	1	0.01	12.2	6.1	73	14.8	12.2	0.08	0.09	1804	132	253	624
210	415114.34	6136351.04	147	145	0.16	2.18	8.45	0.15	13.1	6.4	7	2.8	1.6	2.2	56.73	134.1	87.9	0.6	2	15.1	.	62.3	24.6	13.1	0.1	0.12	1400	336	368	858
211	393546.63	6719911.08	452	447	0.28	4.17	10.36	0.2	15.7	7.7	10.17	1.75	1.3	1	15.54	23.2	223.6	3.7	0.76	19.3	.	49.6	15.9	34.6	.	.	2034	210	299	390
212	401410.3	6690743.17	760	757	.	.	.	.	.	.	.	.	.	.	.	.	.	.	.	.	.	.	.	.	.	.	.	.	.	.
213	400509.73	6673860.22	698	864	0.18	4.58	9.83	0.27	19.16	7.3	20.64	1.94	1.4	1	6.03	94.3	115.5	2.2	0.81	18.2	14.3	39.9	35.8	24.3	.	.	.	.	.	.
214	388211.04	6657911.83	919	911	0.15	2.26	10.94	0.12	9.95	7.4	14.1	1.55	1.2	0.7	8.08	18.8	95.9	0.8	0.01	9.6	.	62.2	22.9	14.9	0.06	0.04	.	.	.	.
215	397694.75	6636408.88	632	648	0.38	4.1	11.33	0.21	24.4	6.8	21.1	3.66	1.1	1.7	3.88	50	179.7	2.3	0.01	20.2	13.2	16	55.4	28.6	.	.	.	.	.	.
216	401699.9	6616495.67	513	494	0.34	2.67	8.6	0.18	20.48	7.2	14.56	4	0.05	2.49	70.63	86.4	205.3	2	0.49	19.3	.	26.5	49.4	24.1	.	.	.	.	.	.
217	398072.08	6596511.07	560	551	0.29	5.03	8.65	0.3	22.3	6.1	13.9	3	1.4	1.9	2.56	124.1	153.7	1.8	2.06	20.4	13.3	24.1	49	26.9	.	.	.	.	.	.
218	398262.26	6576561.37	513	533	0.16	2.69	15.61	0.1	13.9	6.9	8.7	1.4	1.2	1.3	14.11	114.9	169.4	1.6	0.09	16.4	.	34.9	42.4	22.7	.	.	.	.	.	.
219	391757.12	6558626.52	533	531	0.22	3.72	14.37	0.15	22.5	6.5	15.5	3.05	1	2.1	71.25	106.9	202	2	1.24	24.5	15.5	7.6	56.3	36.1	.	.	.	.	.	.
220	399062.75	6541123.71	424	317	0.15	1.75	10.15	0.1	18	7.3	14.3	1.2	1.1	2.1	33.94	72.1	199.4	2.3	1.07	19.2	10.2	17.8	59	23.1	.	.	.	.	.	.
221	402114.27	6516158.45	375	377	0.07	2.7	9.78	0.16	20.9	6.4	13.1	3.2	1.3	2.1	34.35	72.6	178.2	1.8	0.88	22.7	11.9	13.9	59.2	26.9	.	.	.	.	.	.
222	399184.91	6498205.87	372	383	0.17	1.93	11.19	0.1	16.4	7	11.4	2.35	1.3	1.8	34.35	143.4	304.1	2.1	0.64	19	.	21.8	53.8	24.4	.	.	.	.	.	.
223	393818.33	6473952.7	406	410	0.09	1.95	10.29	0.11	22.61	6.9	17.6	2	0.05	2.58	52.85	63.3	209.6	1.9	0.15	18.5	.	19.1	60	21	.	.	.	.	.	.
224	390997.43	6456295.53	445	444	0.09	2.03	10.68	0.11	16.8	7.2	11.8	2.92	1.6	1.8	9.2	68.8	123.5	1.7	0.21	16.6	.	34.6	44.4	21	.	.	.	.	.	.
225	399621.51	6436898.31	371	389	0.18	1.51	12.47	0.07	12.5	7	7.56	2.82	1.4	1.4	10.94	91.4	95.3	0.9	0.42	11.6	.	54.4	30.8	14.9	.	.	.	.	.	.
226	398740.66	6419517.58	421	424	0.13	1.94	11.12	0.1	13.5	5.98	11.02	2.22	0.04	1.72	22.39	94.4	121.5	1.6	0.01	18.9	9.7	36.3	46.8	16.8	.	.	.	.	.	.
227	406077.5	6399415.16	378	389	0.13	1.84	10.8	0.1	13.34	6.47	9.98	2.16	0.04	1.73	12.16	74.8	123.3	1.3	0.01	16.3	8.1	47.3	39.3	13.4	.	.	.	.	.	.
228	401547.59	6373100.2	393	399	0.07	1.16	9.87	0.07	8.9	6.16	5.9	1.58	0.03	1.36	18.4	90.3	50.9	0.7	0.01	10.1	5.2	86.3	9.6	4.1	.	.	.	.	.	.
229	401702.31	6355988.66	330	332	0.07	1.29	9.88	0.08	13.05	5.88	4.96	1.62	1.3	1.3	10.02	83.5	56.4	0.4	0.01	11.5	5.9	69.5	20.6	9.9	.	.	.	.	.	.
230	406179.76	6343826.65	319	328	0.06	4.37	33.85	0.07	9.52	5.75	4.96	1.62	0.03	1.53	15.23	105.4	39.5	0	0.01	10.8	5.7	70.2	18.8	11	.	.	.	.	.	.
231	407790.89	6317411.91	297	298	0.08	1.44	10.31	0.08	9.3	6	6.32	1.22	0.03	1.57	6.03	86.5	48.4	0.4	0.01	11.9	.	68.1	20.6	11.2	.	.	.	.	.	.
232	409014.56	6295733.5	264	261	0.1	1.55	9.34	0.1	12.36	5.86	6.26	1.56	0.03	1.77	13.7	87.1	57.7	0.6	0.01	12.7	.	61.8	26.7	11.5	.	.	.	.	.	.
233	401905.27	6279373.63	282	282	0.11	2.4	13.5	0.1	12.9	6.5	7.73	2.44	1.1	1.8	8.59	109.2	87.5	2.3	1.67	15.3	.	59.9	24.7	15.4	.	.	.	.	.	.
234	401472.93	6255903.18	225	223	0.08	1.84	10.69	0.1	13.3	6.3	6.1	2.21	1.5	2.2	10.73	199.8	128.5	1.5	0.93	17.7	8.1	58.1	26	16	.	.	.	.	.	.
235	398589.21	6235904.79	191	189	2.01	1.18	11.4	0.06	10.3	9.6	7.44	1.86	6.2	1.9	66.24	135.3	150.5	1.8	0.66	13.6	6	57.9	29.3	12.8	.	.	.	.	.	.
236	402509.29	6212628.59	181	180	0.12	1.86	10.78	0.1	11.4	7.5	4.82	1.62	1.2	1.9	32.3	152.4	108	1.4	0.15	16.1	7.8	59.8	23.2	17	.	.	.	.	.	.
237	393126.66	6195884.81	189	183	9.16	1.35	9.81	0.08	8.8	6.2	7.11	1.54	1.3	1.5	36.49	157.3	58.2	1.3	0.01	12	5	74.3	13.6	12.1	.	.	.	.	.	.
238	400762.87	6181512.71	173	170	10.52	1.52	8	0.11	12.1	6.4	8.22	3.44	0.1	1.9	33.02	198.4	95.5	1	0.76	14.5	6.7	65.5	19.7	14.8	.	.	.	.	.	.
239	394375.15	6156444.52	160	160	13.17	0.82	6.8	0.07	9.6	6.5	5.46	5.35	1.1	1.6	80.86	111.5	55.5	0.4	0.01	11.3	.	72.3	18.9	8.8	.	.	.	.	.	.
240	400352.31	6138833.54	151	155	11.76	1.01	8.33	0.07	10.3	6.6	6.28	2.03	1.3	1.8	27.19	101.6	63.4	0.6	0.01	10.9	5.8	64.7	23.2	12.1	.	.	.	.	.	.
241	375837.03	6714323.16	261	254	0.28	4.68	11.49	0.21	23.3	6.5	19.6	5.3	1.4	1.1	23.51	61.3	332.6	0.8	2.65	26.6	9.3	28.4	49.2	22.4	.	.	.	.	.	.
1241	381213.78	6709303.8	376	382	0.47	6.59	24.59	0.14	17.2	7.2	48.7	4.9	1.5	1.1	49.58	76.5	278.7	0.7	5.65	19	8.4	56.4	38.3	5.3	.	.	.	.	.	.
242	365386.79	6695977.78	235	738	0.55	2.56	11.4	0.13	22	6.9	18.2	7.63	1.3	1.9	28.01	58.8	244.7	1.4	0.19	26.4	10.6	21.5	51.6	26.9	0.11	0.03	.	.	.	.
243	388733.81	6667325.92	831	830	.	.	.	.	.	.	.	.	.	.	.	.	.	.	.	.	.	.	.	.	.	.	.	.	.	.
245	377040.03	6636194.96	941	755	0.39	3.64	11.74	0.18	22.1	7	17.6	2.79	1.3	1.8	142.29	16.3	217.1	1.7	0.94	19.6	.	41.5	35	23.4	.	.	.	.	.	.
246	382613.13	6619021.46	719	726	0.15	2.71	9.84	0.16	20.9	6.8	12.64	1.92	1.2	1.8	20.75	39.8	203.4	1.7	0.01	19.7	.	24.8	49.3	26	0.13	0.05	.	.	.	.
248	379647.2	6574478.26	701	714	0.16	4.33	7.62	0.33	18.5	6.7	19.94	0.2	1.1	1.3	30.97	154.7	58.7	0.3	4.82	16.9	11.9	59.7	20.7	19.5	0.08	0.1	.	.	.	.
249	377951.96	6556394.26	707	706	0.13	4.76	8.63	0.32	19.4	6.9	13.3	4.05	1.3	0.6	51.21	69.3	68.8	0	0.39	15.1	.	63.5	20.5	16.1	0.13	0.08	.	.	.	.
250	379858.94	6542664.31	586	554	1.54	.	9.32	0.19	22.02	7.01	14.13	3.35	1.09	2.18	68.67	120.8	210.54	2.33	1.92	23	.	20.94	53.1	26.23	.	.	.	.	.	.
251	379912.81	6513834.93	497	508	0.17	2.93	10	0.17	20.8	6.9	14.3	1.2	1.3	2.5	46.61	79.6	186.1	2.6	1.45	25.1	.	9.7	60.7	29.7	.	.	.	.	.	.
252	378648.57	6496538.18	471	477	0.12	3.2	10.92	0.17	22.9	7	15.74	1.4	1.6	2.5	65.73	112.5	204.4	1.7	1.1	26.8	.	5.4	67.4	27.2	0.13	0.08	.	.	.	.
253	378883.18	6476585.09	451	457	0.13	3.22	13.33	0.14	21.1	7.1	14.92	3.01	1.5	2.1	22.49	63.5	210.6	2.2	0.22	23.1	.	18.9	54.9	26.2	0.13	0.06	.	.	.	.
254	373300.19	6454148.92	561	560	0.11	3.26	13.51	0.14	20.7	7.2	14.85	2.96	1.4	1.7	47.63	78.2	171.7	1.6	0.1	20.8	.	15.6	59.8	24.7	.	.	.	.	.	.
255	379355.97	6436677.28	431	434	0.13	3.01	11.62	0.15	23.5	7.1	20.57	4.9	1.3	2	20.24	83.5	258.1	2.6	0.54	26.5	12.8	21.1	53.6	25.3	.	.	.	.	.	.
256	376539.45	6419165.35	576	576	0.04	0.55	8.65	0.04	5.3	7.1	3.9	0.86	1	0.5	13.8	89.5	47.3	0	0.01	6.3	2.9	77.4	15.8	6.7	.	.	.	.	.	.
257	374614.17	6394682.13	651	657	0.1	2.26	11.69	0.11	13.9	7.4	12.5	2.22	1.3	1.5	12.16	64.5	94.8	1	0.01	15.9	7.5	51.5	36.1	12.4	.	.	.	.	.	.
258	378122.04	6374188.83	525	529	0.07	1.67	11.38	0.09	11.12	7.4	7.44	2.1	0.02	1.6	42.73	57	69.7	0.4	0.01	11	5.9	68.4	23.1	8.5	.	.	.	.	.	.
259	371612.33	6361512.93	512	520	0.09	2.83	12.32	0.13	15.6	6.4	9.8	3.63	1.1	2.3	11.96	119.5	89.9	1.1	1.01	18.9	.	47.1	40	12.9	.	.	.	.	.	.
260	383588.56	6341232.69	419	420	0.21	4.31	10.25	0.24	22.5	6.5	16.14	5.31	1.4	2.9	69.41	95.6	187.6	1.9	4.71	23.9	.	30.8	41.7	27.5	.	.	.	.	.	.
261	374332.38	6317590.17	380	385	0.1	2.45	10.6	0.13	16.5	6.4	8.7	3.7	1.2	2.3	39.97	198.8	112.6	2.1	1.81	18.7	11.8	49.1	31.9	19	.	.	.	.	.	.
262	381632.96	6292313.34	296	290	0.08	1.6	12.06	0.08	9.1	6.7	4	1.1	1.3	2	81.67	211.6	98.3	0.1	0.76	10	4.8	63.4	26.4	10.2	.	.	.	.	.	.
263	384813.95	6282947.56	268	272	0.13	1.62	9.39	0.1	10.14	6.5	3.83	2.11	0.05	1.6	79.53	168	59.2	0.6	2.6	8.7	5.9	76.2	15.2	8.6	.	.	.	.	.	.
264	377971.74	6258673.41	236	232	0.14	1.91	12.33	0.09	10.7	6.3	8.74	1.23	0.2	1.8	160.9	127	59.2	0.5	1.26	8.9	6.4	76.1	11.5	12.4	0.07	0.07	.	.	.	.
265	378353.93	6241497.3	217	219	0.1	1.46	8.48	0.1	8.3	6.2	7.28	3.52	1.1	1.7	40.99	152.1	64.4	1	0.56	10.2	5.5	67.9	18.8	13.3	0.08	0.08	.	.	.	.
266	385668.46	6223914.94	201	199	0.11	1.68	12.2	0.08	11.8	6	7.62	1.64	1.3	1.3	37.11	181	68.4	1.1	0.61	10.1	5.2	71.4	15.6	13	0.07	0.08	.	.	.	.
267	372920.76	6201697.05	224	209	0.09	1.39	11.53	0.07	10.4	6.6	9.51	0.28	0.1	1.5	40.58	85.4	35.2	0.8	0.46	9.7	5.4	77.5	10.7	11.8	0.07	0.07	.	.	.	.
268	373822.74	6168505.49	191	177	0.13	1.55	9.96	0.09	10.2	6.7	5.7	2.15	1.3	2.4	35.69	183.5	94.9	1.5	0.32	12.7	.	86.1	10.6	3.3	.	.	.	.	.	.
269	374283.45	6155857.43	186	185	0.12	1.42	11.8	0.07	9.7	6.8	5.6	2.13	1.3	2	35.32	102.2	62.7	1.4	0.01	11.4	6	74.3	17.6	8.2	.	.	.	.	.	.
270	379627.02	6134719.16	177	175	0.19	1.52	8.82	0.1	12.6	7.7	15.9	3	1.4	2.2	19.07	71.1	133.3	2.2	0.01	15.2	8.4	8.7	58.2	33.2	0.14	0.06	.	.	.	.
271	348711.77	6711924.3	130	136	27.1	1.08	5.6	0.05	12.7	7.2	44.89	2.88	53.7	0.9	23.7	48.4	120.4	1.7	0.25	15.6	10.2	78.1	15.4	6.4	.	.	.	.	.	.
272	358202.87	6708195.37	158	160	0.27	2.06	8.09	0.11	11	6.7	9.5	2.32	1.2	1.4	68.18	44.6	146.9	1.6	1.13	13.7	6.4	58.6	31.1	10.3	.	.	.	.	.	.
273	362072.5	6681196.78	359	362	0.18	3.59	8.32	0.25	16.4	7.6	16.09	2.09	1.5	0.9	11.52	40.5	99.6	2.1	0.05	17.2	9.4	53.9	29	17.1	.	.	.	.	.	.
274	355738.66	6657257.94	397	408	0.14	1.89	9.96	0.11	10	8.3	19.03	1.12	1.2	1.4	24.08	28.4	165.1	2.3	2.1	13.6	6.8	60.6	27.9	11.5	.	.	.	.	.	.
390	356043.7	6636299.33	576	579	0.21	4.89	10.5	0.27	18.7	7.8	25.77	0.2	1.4	1	15.2	57.4	134.9	1.6	1.54	19.9	11.4	53.7	29	17.2	.	.	.	.	.	.
276	357028.12	6627659.12	691	684	0.27	4.32	7.69	0.28	19.1	7.7	17.61	2.03	1.1	1.7	47.03	93.5	292	2.5	1.68	22.8	13.1	39.8	41.5	18.7	0.09	0.03	.	.	.	.
277	357836.55	6595032.22	1078	1079	0.24	10.23	11.39	0.52	27.5	7.4	40.98	1.6	0.07	1.09	15.77	83.9	192.9	2	9.84	27.8	16.6	56.7	26.6	16.7	.	.	.	.	.	.
278	357181.26	6576089.43	1207	1069	0.17	5.5	9.22	0.35	21.5	7.5	35.03	4.05	1.2	0.7	7.37	43.9	63.7	2	6.97	20	13.3	70.4	19.1	10.5	.	.	.	.	.	.
279	357460.41	6556070.9	851	911	0.16	3.28	12.59	0.15	8.8	7.5	51.6	4.54	1.1	0.4	21.57	67	77.5	2.1	7.8	16.1	6.9	77.3	20.1	2.6	.	.	.	.	.	.
280	357799.36	6535105.05	738	744	0.15	5.48	10.52	0.3	13.5	7	13.5	3.19	1.6	0.5	17.68	79.4	82.5	1.1	1.6	15.3	8.6	72.6	15.5	11.8	.	.	.	.	.	.
281	363571.89	6515525.91	647	651	0.11	3.6	11.61	0.18	19.9	7.1	15.02	2.93	1.2	2	38.54	54.4	203.1	1.8	1.34	21.7	.	24.2	50.8	25	.	.	.	.	.	.
282	366450.72	6494150.24	513	517	0.13	3.14	11.39	0.16	17	6.8	12.5	2.22	0.9	1.1	4.6	67.7	118.2	2.7	1.04	17.6	.	50	32.8	17.1	.	.	.	.	.	.
283	358491.87	6479634.73	864	807	0.23	3.74	11.41	0.19	22.2	7.4	14.1	1.55	1	1.4	9.61	82.1	143.1	2.9	0.01	21.5	.	24.9	48.7	26.4	.	.	.	.	.	.
284	364859.82	6456430.94	669	592	0.12	2.51	11.19	0.13	18	7.2	9.42	3	1.2	1.7	44.26	96.2	171.9	2.3	0.46	16.9	10.7	26.7	48	25.4	.	.	.	.	.	.
285	352374.61	6437236.25	588	537	0.09	2.51	9.71	0.15	19.8	7.5	9.9	4.74	0.9	1.7	10.77	91.4	158.2	2.8	0.01	22.2	10.3	34.4	47.2	18.4	0.11	0.07	.	.	.	.
286	360020.37	6412715.79	632	641	0.12	2.98	13.09	0.13	14.5	7.3	11.4	3.61	1.1	2.2	34.18	50.7	140	2.2	2.75	14.3	8.6	58	32.2	9.8	.	.	.	.	.	.
287	360639.91	6397543.36	722	729	0.11	2.09	11.56	0.1	14.1	7.4	11.4	3.61	1.4	1.4	17	51.6	69.6	2.4	0.01	14.2	8.5	42	42.5	15.5	.	.	.	.	.	.
288	363104.17	6380446.41	668	679	0.16	2.28	13.2	0.1	12.1	7.5	12.9	2.96	1.5	1.4	7.46	53.1	77.2	2.6	0.01	13.5	22.4	41.5	46.1	12.4	.	.	.	.	.	.
289	363949.38	6366384.19	603	618	0.06	1.65	10.74	0.09	13.4	6.8	10.86	2.44	1.4	1.5	14.92	65.3	68.9	2.5	0.01	13.2	8.2	49.7	36.6	13.6	.	.	.	.	.	.
290	360297.21	6339369.19	496	500	0.13	2.89	12.82	0.13	15.3	6.7	9.4	5.53	1.4	2.4	11.04	226.9	107.1	2.1	2.22	20.8	12.9	45.6	36.3	18	.	.	.	.	.	.
291	358906.86	6318190.95	467	473	0.09	1.82	8.38	0.13	12.5	6.6	6.45	1.86	1.3	2.4	69.71	149.9	65.7	0.2	1.9	12.8	7.8	60.3	22.9	16.8	.	.	.	.	.	.
292	368023.83	6297300.27	345	350	0.16	2.63	8.94	0.17	13.5	6.2	5.51	2.09	1.1	3	78.3	230.4	97.3	1.1	3.77	15.2	10.5	48.7	31.9	19.4	.	.	.	.	.	.
293	356796.29	6281601.06	347	344	0.09	1.64	8.65	0.11	14.1	6.4	4	1.1	0.2	1.6	166.21	125.8	111.1	1.7	0.74	15.1	6.9	57.2	24.7	18.2	0.09	0.07	.	.	.	.
294	360840.65	6258419.58	285	291	0.17	2.15	9.59	0.13	14.7	6	13.04	3.63	1.2	1.8	42.93	154.1	104.6	1.4	0.87	16.1	8.7	53.7	26.6	19.7	.	.	.	.	.	.
295	357728.13	6243261.45	269	269	0.08	1.23	11.92	0.06	10.1	6.3	12.34	3.52	0.2	1.1	39.25	87.7	32	0.8	0.11	8.2	4.1	77	11.6	11.4	.	.	.	.	.	.
296	365058.97	6217702.16	242	239	0.09	1.21	11.73	0.06	8.2	6.4	7.39	.	1.3	1.2	19.93	92	25	0.7	1.54	5.5	3.2	85.5	4	10.5	0.06	0.06	.	.	.	.
297	372915.38	6201693.21	224	228	0.05	1.16	11.25	0.06	8.4	6.8	7.28	3.52	1	1.5	55.81	128.7	43.8	0.9	0.94	7.2	4.3	79.2	12.4	8.4	.	.	.	.	.	.
298	369232.85	6178825.41	202	202	0.12	1.27	10.53	0.07	9.6	6.7	7.28	3.52	1.3	1.9	36.07	109.4	61.7	1.6	0.31	10.2	.	76.3	10.5	13.2	.	.	.	.	.	.
299	354127	6154878.16	220	222	0.08	0.87	8.38	0.06	9.1	6.7	7.28	3.52	1.4	2	49.1	107.5	44.9	1.1	0.3	8.4	4.8	78.1	15.4	6.4	.	.	.	.	.	.
300	364634.38	6141008.11	194	192	0.13	0.83	6.91	0.07	8.1	6.5	9.51	0.28	1.1	2.2	55.81	97.9	46.5	0.6	0.01	7.7	4.5	78	10.6	11.5	.	.	.	.	.	.
301	322034.07	6722198.55	179	190	18.84	0.98	5.5	0.05	21.8	8	21.49	4.06	47.2	1.9	19.55	43.9	204.1	1.8	0.65	27.3	14.7	11.4	44	44.6	0.13	0.04	.	.	.	.
302	336988.39	6702457.44	227	232	0.6	2.41	8.12	0.14	10.9	7.6	20.18	2.26	1.6	1.6	31.07	33.7	158.3	3.5	0.01	13.2	.	54.5	33.9	11.6	.	.	.	.	.	.
303	342934.94	6678616.6	194	198	0.26	1.16	11.23	0.06	9.6	7.4	10.7	2.82	1.4	1.1	27.48	44.9	121.5	1.4	0.01	8.4	3.3	69	21	10	.	.	.	.	.	.
304	333942.32	6663125.3	190	194	13.51	1.02	9.85	0.06	15.5	7.9	60.42	3.54	3.59	1.85	0.94	20.8	133.4	2.1	0.01	20.5	11.2	33.9	39	27.1	0.08	0.01	.	.	.	.
305	339487.39	6636140.96	418	419	0.28	2.94	10.02	0.17	18.3	7.4	20.2	5	1.2	1.4	27.01	36.5	170.4	1.7	0.01	17.8	7.4	49.2	30	20.8	.	.	.	.	.	.
313	351274.03	6477362.73	782	772	0.16	6.22	11.27	0.32	29.6	6.4	24.64	2.9	1.3	1.9	14.21	218.7	155.9	4.3	3.61	34	21.5	8.7	58.2	33.2	.	.	.	.	.	.
314	340121.95	6459510.02	1099	1113	0.27	3.25	9.91	0.19	23.1	6.5	12.59	5.19	3.5	0.8	14.62	128.6	93.4	5.6	0.24	26.7	19.8	12.2	52.3	35.5	0.13	0.2	.	.	.	.
316	358358.83	6422919.2	595	565	0.1	1.96	12.63	0.09	12.4	6.6	17.62	3.58	1.4	2.1	25.02	78.8	150.5	2.1	0.01	14.2	6.7	42.4	48.1	9.5	.	.	.	.	.	.
317	348091.44	6386836.04	751	761	0.08	2.28	10.5	0.13	13.1	6.6	9.6	3.5	1.2	1.9	11.24	103.2	98.7	2	0.01	13.1	6.7	38.7	47.9	13.4	.	.	.	.	.	.
318	338135.22	6376680.99	863	864	0.07	4.06	10.03	0.23	17.1	6.7	14.05	2.09	1.5	1.7	5.38	73.3	78.7	2	0.01	20.9	.	38.5	43.4	18.1	.	.	.	.	.	.
319	335929.72	6354151.04	686	687	0.1	5.27	10.72	0.28	25.2	6.6	13.4	3.6	1.3	2.5	44.77	177.9	106	3.5	2.86	30.6	18.4	23.3	49.1	27.5	.	.	.	.	.	.
320	338757.84	6338936.77	627	682	0.09	2.97	11.04	0.16	15	6.7	10.6	2.28	1.3	2	38.84	125	101.3	2.4	2.67	18.3	12.2	35.4	28.2	36.4	.	.	.	.	.	.
321	348477.51	6320510.23	546	553	0.06	1.79	9.54	0.11	9.5	7.4	7.28	3.52	1.2	1.5	42.83	114.5	47.3	1.1	1.42	9.3	6.2	78	14.6	7.4	.	.	.	.	.	.
322	343471.42	6292973.66	442	442	0.19	1.3	9.41	0.08	11.4	6.1	6.64	1.82	1.4	1.5	24.94	114.2	77.3	1.8	0.02	14.9	8	53.1	30.3	16.6	0.09	0.09	.	.	.	.
324	331109.74	6247386.21	332	338	0.05	1.24	10.31	0.07	6.9	6.7	6.42	2.31	0.2	1.1	29.13	86.9	26.8	0.8	0.32	7.5	4.1	81.2	8.8	10	.	.	.	.	.	.
325	342413.26	6226848.9	287	.	0.04	1.13	10.97	0.06	7.1	6.8	6.85	5.4	1.1	1.4	34.65	87.1	44.2	0.9	0.58	8.6	3.7	78.2	11.2	10.6	0.06	0.05	.	.	.	.
327	342963.04	6193914.84	258	258	0.05	0.73	8.42	0.05	7.8	6.9	5.91	2.16	1.5	1.5	22.19	60.4	31.8	0.9	0.01	7.1	.	83.9	9.9	6.2	.	.	.	.	.	.
328	343616.12	6170951.63	238	239	0.08	0.9	8.67	0.06	7.2	6.4	3.19	2.31	1.3	1.5	33.62	64.1	37.5	0.9	0.01	5	2.7	86.3	13.7	0	0.05	0.05	.	.	.	.
329	336324.51	6164347.09	247	250	0.12	1.31	10.89	0.07	8.5	6.7	4.48	3.52	1.4	1.7	49.67	85.2	29.8	1.1	0.2	6.6	3.3	79.4	0	20.6	.	.	.	.	.	.
330	344720.89	6134253.69	245	244	0.09	1.54	11.14	0.08	13.2	7.1	6.58	3.32	1.2	2.1	40.13	130.6	110.6	1.4	0.04	12.1	5.7	65.7	0	34.3	.	.	.	.	.	.
333	314936.82	6654861.62	214	210	0.47	1.17	8.5	0.08	9.7	7.3	29.4	0.28	1.5	1.1	25.68	51	109.3	1.9	0.02	10.3	4.1	63.8	26.7	9.5	0.06	0.01	.	.	.	.
334	326153.79	6628397.33	366	371	0.94	2.65	10.73	0.14	14	6.8	13.6	3.47	1.7	1.3	26.72	83	162.2	1.8	1.12	14.4	5.3	56	28.4	15.6	.	.	.	.	.	.
335	315026.93	6615022.32	377	382	0.23	1.71	9.26	0.11	9.64	7.7	10.8	0.32	0.03	1.29	30.03	74.1	140.3	1.8	1.67	10.2	3.7	69.6	18	12.3	.	.	.	.	.	.
336	318722.78	6592812.81	560	574	1.54	2.51	9.09	0.16	12.9	7.5	23.9	2.32	2.3	1	32.3	40.9	164.8	2.2	1.56	12.7	5.7	61.1	22.9	15.9	.	.	.	.	.	.
337	302508.48	6573026.77	600	702	1.04	3.41	9	0.22	19	7	29.3	5.58	2.1	3.3	34.56	42.9	277.7	3.2	2.23	27.8	9.7	23.5	57.8	18.7	.	.	.	.	.	.
340	310568.45	6517138.98	1421	1425	0.18	6.23	9.93	0.36	17.7	7.9	12.9	2.96	1.1	0.8	5.95	183.2	107.5	3	0.96	22	11.4	42	40.4	17.6	.	.	.	.	.	.
342	316152.47	6474608.25	1066	903	0.1	4.67	15.04	0.18	20.9	7.4	16.9	5.52	1.5	1.8	10.2	79	287.9	4	0.01	9.6	.	29.6	46.1	24.3	.	.	.	.	.	.
343	304247.81	6459884.72	671	859	0.17	4.82	7.76	0.36	15.5	7.3	26.3	7.53	1.2	2.4	83.1	70.9	172.5	2.6	9.76	13.2	.	53.2	28.3	18.5	0.1	0.04	.	.	.	.
344	307888.35	6436237.59	777	786	0.08	2.27	11.97	0.11	13.8	7.4	10.78	4.23	1.2	0.8	11.05	90.6	194.8	2.6	0.01	15	6.2	43.5	36.9	19.6	0.09	0.04	.	.	.	.
346	326290.24	6358536.99	793	805	0.12	5.25	9.93	0.31	20.4	6.7	12.5	2.22	1.5	1.5	5.19	164.5	124.3	3	1.7	24.2	.	46.8	52.1	1.1	.	.	.	.	.	.
347	323251.74	6333010.66	766	767	0.14	2.76	12.12	0.13	13.3	7.7	13.8	0.28	1.7	0.6	5.1	63.9	75.5	1.7	2.4	11.7	7.6	75	17.7	7.3	.	.	.	.	.	.
348	323107.77	6317897.91	698	703	0.1	1.63	8.02	0.12	9.6	6.9	7.55	0.67	1.3	1.6	38.84	100.7	51.2	1	4.38	11.7	5.6	79.6	13.4	7	.	.	.	.	.	.
349	323918.45	6296466.95	549	553	0.08	1.22	11.78	0.06	7.7	6.3	7.36	2.09	1	1.2	16.87	87.7	31	1.2	0.77	9	4.8	75.5	13.4	11.1	.	.	.	.	.	.
350	313421.09	6284488.11	508	509	0.1	1.27	4.62	0.16	10.7	6.4	9.36	0.28	0.2	1.7	13.7	51.6	36.7	0.1	0.2	9.6	5.6	75.7	12.8	11.5	0.08	0.06	.	.	.	.
351	311319.28	6250933.95	383	384	0.06	0.62	7.22	0.05	7.4	6.7	14.85	2.96	1.2	1.3	21.98	63	24.7	0.7	0.03	6	3.8	83.6	9.2	7.2	0.06	0.06	.	.	.	.
352	316141.01	6234886.63	347	346	0.16	1.23	10.21	0.07	7.8	6.5	9.51	0.28	1.1	1.4	49.58	95.9	68.3	1.5	0.61	10.9	4.2	70.6	17.5	11.9	.	.	.	.	.	.
353	312199.39	6218220.17	338	338	0.11	1.45	9.34	0.09	7.4	6.4	7.01	7.93	0.2	1.7	75.44	124.1	64.4	1	1.23	8.5	4.7	77.7	12.2	10.1	0.07	0.06	.	.	.	.
354	322774.56	6196569.08	296	295	0.06	0.68	6.53	0.06	7.2	6.4	5.77	5.4	0.9	1.3	37.02	57.5	38.3	1.1	0.01	5.3	.	86.6	7.7	5.7	.	.	.	.	.	.
355	313315.45	6173792.07	291	289	0.06	0.88	8.55	0.06	7.4	6.5	7.28	3.52	1.1	1.4	39.76	83.4	36.5	0.8	0.25	6.8	3.8	83.3	7.1	9.6	0.06	0.07	.	.	.	.
356	314626.09	6153623.93	276	281	0.04	0.78	9	0.05	8.1	6.6	7.28	3.52	1	1.2	35.98	75.8	25	1.1	0.29	6.9	4	83.5	5.1	11.4	0.06	0.07	.	.	.	.
357	314547.33	6135107.22	263	265	0.08	.	12.5	0.09	14.1	6.9	3.9	0.86	1.3	1.5	49.29	53.7	91.7	1.5	0.01	12.2	7.1	63.9	23.5	12.6	.	.	.	.	.	.
360	303239.8	6620640.32	323	327	0.36	2.62	10.32	0.15	12.2	7.6	16.5	4.1	1.1	1.4	36.17	6.7	193.3	1.8	1.38	14.4	6.8	65.3	21.5	13.2	.	.	.	.	.	.
361	292241.24	6594051.38	418	419	0.23	2.51	13.24	0.11	15.8	7.2	18.97	7.29	1.3	2	40.32	29.6	200.9	2.6	1.39	16	7.8	50.7	29.3	20	.	.	.	.	.	.
362	304823.83	6586069.64	525	536	0.18	1.91	12.32	0.09	13.39	7.4	28.43	2.67	0.04	1.21	25.4	11.1	138.6	2.7	0.6	15.7	8	47.4	38.9	13.6	0.08	0.01	.	.	.	.
363	299754.13	6554098.11	708	727	0.18	2.67	9.71	0.16	12.55	8.2	34.02	1.48	0.03	0.86	2.83	13.7	81.9	3.1	0.01	15.3	8.8	52.6	41.7	5.8	.	.	.	.	.	.
364	299158.85	6536650.69	925	940	0.15	2.8	9.54	0.17	15	7.1	35.4	7.29	0.9	1.1	4.91	5.1	127.6	1.7	0.01	17.3	9.3	44.7	33.4	21.9	0.09	0.01	.	.	.	.
365	292274.01	6516661.6	1014	1023	0.13	1.98	11.49	0.1	6.68	6.6	19.02	2.36	0.03	1.03	35.98	75.8	25	1.1	0.29	6.9	.	75.1	14.2	10.7	.	.	.	.	.	.
366	300315.59	6496947.28	1012	1011	0.14	.	8.42	0.13	14.7	6.2	8.57	4.27	1.1	1.1	121.23	216.2	161.2	2.1	3.68	22.6	.	19.2	56.8	24	0.08	0.05	.	.	.	.
367	295007.18	6475753.8	680	685	0.16	2.67	10.62	0.15	17.2	7.7	17.6	6.7	1.2	1.2	12.28	48.1	185.5	3	0.01	19.3	9.5	38	47.8	14.3	0.07	0.07	.	.	.	.
369	295427.46	6437040.03	567	546	0.14	2.81	9.05	0.18	13.6	7.3	12.35	3	1	1.5	62.98	64.4	113.5	1.3	2.33	14.4	.	57.6	28.8	13.6	.	.	.	.	.	.
370	300698.51	6315617.77	801	804	0.07	1.51	10.34	0.09	8.3	7.4	9.98	2.16	1.2	1.1	11.14	51.9	30.6	1.1	0.01	8.4	4.3	81.8	11.1	7.1	.	.	.	.	.	.
372	256688.95	6610529.25	211	207	5.05	1.74	11.59	0.09	8.6	6.9	13.7	5.5	6.1	1.1	26.16	6	161.7	1.3	1.22	12.5	.	53.6	39	7.4	.	.	.	.	.	.
373	271612.19	6610071.71	279	274	0.36	2.12	10.25	0.12	13.7	7.1	21.84	0.86	1.3	1.1	38.34	6.1	189.7	2.4	1.16	14.2	.	51.5	33.9	14.6	.	.	.	.	.	.
374	278760.28	6590394.23	455	444	0.37	3.01	10.93	0.16	16	6.8	9.42	3	1.3	1.5	36.26	32.1	169	1.9	2.46	16.4	.	58.3	31.3	10.3	.	.	.	.	.	.
375	273995.79	6573164.52	684	681	0.13	2.59	10.81	0.14	9.1	7.9	41	5	1.1	0.6	37.11	20.4	92.7	1.7	0.01	11.3	.	71.4	25.9	2.8	.	.	.	.	.	.
376	284724.37	6544881.61	1014	1006	0.15	2.38	13.55	0.1	14.8	8	11.4	3.61	1.4	0.6	2.74	0	85.4	1.8	0.01	21.1	10.7	29.1	55.3	15.6	.	.	.	.	.	.
377	281465.52	6528076.84	1097	1103	0.11	1.46	9.44	0.09	8.9	7.2	11.12	1.94	1.7	0.6	5.1	0	67.2	1.4	0.01	9.1	.	74.4	18.7	6.9	.	.	.	.	.	.
378	270532.17	6513492.98	373	373	0.16	2.55	10.56	0.14	10	7	10.7	3.4	1.4	1	37.3	52.9	147.4	2.2	2.03	14.1	.	63.7	29.3	7.1	.	.	.	.	.	.
379	281067.79	6495185.77	382	387	0.13	2.31	9.59	0.14	9.9	7.1	9.3	2.98	1.3	1.1	53.16	69.7	134.9	2.3	2.4	10	4	68	28	4	.	.	.	.	.	.
380	270093.88	6473571.28	397	399	0.15	1.5	9.68	0.09	14.2	8	17.68	3.4	1.2	2.1	32.58	43.1	201.1	2	1.84	17.1	.	45.8	46.2	8	0.05	0.02	.	.	.	.
381	277578.34	6454922.98	455	457	0.17	1.4	9.03	0.09	9.5	6.9	6.46	3.4	1.3	0.8	41.83	41.9	124.7	1.8	0.07	10.5	3.7	61.1	29.7	9.1	.	.	.	.	.	.
382	257921.06	6610370.74	215	212	1.73	1.73	11.13	0.09	11.5	7	9.5	2.32	3.2	1.6	32.3	34.7	151.6	1.6	1.6	14.3	.	58.5	33	8.5	0.08	0.03	.	.	.	.
383	246082.72	6589469.07	230	219	0.55	1.81	8.08	0.13	13.39	7.2	14.7	3.74	1.6	1.5	42.68	11.2	191.1	2	1.36	17.1	.	53	38.5	8.5	.	.	.	.	.	.
384	250409.82	6572977.82	224	208	0.94	0.87	10.12	0.05	7.6	7.4	9.3	2.98	4.1	1.2	24.17	49.3	174.6	1	0.21	10.2	.	62.2	30.6	7.2	.	.	.	.	.	.
385	235888.31	6553600.88	262	264	1.18	1.55	11.22	0.08	10.5	7.1	8.95	4.23	2.7	1.3	44.29	28.8	165.8	1.5	0.6	14	.	55.7	40.2	4	.	.	.	.	.	.
386	251686.09	6530851.08	267	264	0.11	1.2	11.6	0.06	9.2	7.5	7.98	4.06	1.4	0.9	40.32	18.8	131.7	1.7	0.01	11.5	.	64	26.3	9.7	0.05	0.02	.	.	.	.
387	251673.61	6518741.32	271	370	0.09	1	8.26	0.07	9.4	7.5	11.09	2.98	1.5	0.8	36.17	6.7	118.1	1.6	0.27	10.5	.	69.3	23.8	6.9	.	.	.	.	.	.
388	260311.31	6503994.26	286	284	0.14	1.74	8.41	0.12	11.4	7.5	11.5	4.4	1.6	1.4	63.08	61	134.9	1.6	0.02	16.1	.	58.6	31.3	10.1	0.07	0.04	.	.	.	.
389	244261.6	6468474.59	343	343	3.68	1.67	9.66	0.1	13.6	8	24	2.32	7.1	2.7	25.31	33.8	146.9	2.4	1.05	17	.	58	33.2	8.8	.	.	.	.	.	.
390	259768.22	6551775.97	242	259	0.83	1.28	12.4	0.06	6.2	7.2	13.2	1.94	1.3	1.3	56.85	31.7	129.9	1.6	5.8	7.3	.	76.5	15	8.5	.	.	.	.	.	.
.	.	.	.	.	.	.	.	.	.	.	.	.	.	.	.	.	.	.	.	.	.	.	.	.	.	.	.	.	.	.
